35
31 0 19 1 8 2 26 3 18 4 18 5 4 6 32 7 11 8 977 9 21 10 979 11 28 12 16 13 1 14 24 15 7 16 4 17 25 18 11 19 1 20 23 21 41 22 7 23 21 24 20 25 9 26 6 27 29 28 25 29 8 30 14 32 23 33 24 34 23
24 0 14 1 34 2 2 3 16 4 12 5 16 6 15 7 12 8 11 9 12 10 8 11 9 12 12 13 15 14 26 15 20 16 8 17 2 18 20 19 11 20 6 21 25 22 8 23 8 25 4 26 28 27 30 28 23 29 14 30 5 31 6 32 8 33 9 34 4
26 0 8 1 19 2 25 3 22 4 12 5 20 6 5 7 14 8 17 9 22 10 13 11 9 12 33 13 8 14 4 15 5 16 10 17 22 18 13 19 14 20 16 21 7 22 6 23 2 24 1185 25 4 27 19 28 27 29 16 30 40 31 10 32 21 33 6 34 18
12 0 23 1 8 2 23 3 19 4 16 5 12 6 14 7 21 8 19 9 25 10 34 11 22 13 889 14 5 15 26 16 31 17 21 18 20 19 7 20 12 21 20 22 17 23 17 24 3 25 33 26 5 27 26 28 5 29 28 30 29 31 16 32 8 33 37 34 18
1 0 9 2 10 3 15 4 11 5 4 6 24 7 15 8 14 9 12 10 29 11 8 12 14 13 13 14 18 15 3 16 13 17 7 18 9 19 1 20 22 21 902 22 970 23 1 24 6 25 27 26 15 27 14 28 18 29 23 30 44 31 9 32 7 33 15 34 3
5 0 1 1 20 2 31 3 10 4 17 6 7 7 6 8 25 9 9 10 10 11 3 12 24 13 15 14 1045 15 20 16 11 17 18 18 13 19 11 20 16 21 14 22 4 23 17 24 16 25 945 26 1 27 12 28 16 29 21 30 15 31 6 32 4 33 45 34 12
28 0 22 1 28 2 3 3 31 4 13 5 10 6 27 7 13 8 6 9 32 10 16 11 17 12 16 13 17 14 5 15 23 16 8 17 11 18 13 19 4 20 8 21 13 22 3 23 21 24 18 25 28 26 11 27 45 29 26 30 26 31 16 32 12 33 13 34 19
19 0 9 1 33 2 23 3 23 4 16 5 11 6 27 7 19 8 14 9 16 10 11 11 9 12 15 13 9 14 16 15 15 16 9 17 16 18 36 20 5 21 28 22 12 23 968 24 13 25 30 26 5 27 24 28 13 29 11 30 16 31 6 32 10 33 11 34 9
15 0 25 1 25 2 38 3 25 4 22 5 16 6 5 7 16 8 7 9 15 10 1 11 4 12 30 13 2 14 15 16 23 17 24 18 34 19 8 20 34 21 8 22 33 23 9 24 24 25 13 26 24 27 26 28 20 29 17 30 5 31 13 32 26 33 7 34 18
13 0 15 1 17 2 32 3 6 4 18 5 12 6 28 7 7 8 5 9 34 10 27 11 9 12 21 14 1081 15 23 16 997 17 9 18 16 19 18 20 20 21 17 22 32 23 24 24 1 25 8 26 14 27 15 28 22 29 17 30 16 31 9 32 21 33 14 34 21
22 0 7 1 4 2 12 3 22 4 3 5 17 6 29 7 5 8 4 9 14 10 4 11 6 12 10 13 1 14 36 15 28 16 6 17 21 18 9 19 3 20 7 21 14 23 9 24 13 25 1004 26 1067 27 1148 28 24 29 10 30 7 31 9 32 25 33 9 34 13
6 0 14 1 21 2 8 3 19 4 15 5 1 7 33 8 42 9 5 10 14 11 841 12 16 13 876 14 5 15 6 16 12 17 24 18 31 19 23 20 29 21 27 22 8 23 5 24 9 25 21 26 10 27 7 28 24 29 10 30 25 31 30 32 12 33 4 34 9
2 0 22 1 16 3 10 4 7 5 2 6 1 7 28 8 20 9 13 10 8 11 18 12 955 13 27 14 3 15 18 16 14 17 21 18 1 19 1 20 21 21 2 22 24 23 31 24 25 25 12 26 9 27 16 28 20 29 19 30 10 31 15 32 45 33 23 34 17
29 0 7 1 25 2 10 3 14 4 873 5 17 6 15 7 9 8 7 9 8 10 16 11 18 12 20 13 3 14 14 15 16 16 32 17 25 18 14 19 7 20 2 21 35 22 19 23 25 24 17 25 12 26 18 27 11 28 15 30 19 31 17 32 1103 33 7 34 29
10 0 1 1 9 2 31 3 5 4 16 5 15 6 9 7 1 8 17 9 36 11 20 12 13 13 23 14 8 15 1 16 9 17 18 18 5 19 24 20 7 21 11 22 12 23 28 24 1 25 9 26 17 27 24 28 9 29 23 30 1018 31 1 32 16 33 8 34 11
25 0 15 1 36 2 23 3 8 4 5 5 8 6 10 7 20 8 5 9 24 10 9 11 12 12 16 13 20 14 20 15 13 16 32 17 12 18 14 19 9 20 17 21 19 22 9 23 4 24 29 26 26 27 8 28 12 29 35 30 24 31 25 32 1 33 5 34 18
27 0 2 1 21 2 11 3 15 4 27 5 15 6 27 7 24 8 5 9 1 10 21 11 15 12 15 13 8 14 16 15 14 16 11 17 7 18 25 19 31 20 15 21 18 22 22 23 13 24 3 25 31 26 20 28 7 29 28 30 13 31 12 32 5 33 28 34 6
4 0 23 1 9 2 7 3 10 5 7 6 5 7 27 8 1 9 27 10 8 11 14 12 25 13 34 14 8 15 22 16 2 17 36 18 1009 19 21 20 2 21 4 22 7 23 9 24 19 25 8 26 28 27 5 28 27 29 24 30 20 31 4 32 10 33 3 34 16
3 0 20 1 11 2 32 4 6 5 6 6 885 7 27 8 18 9 29 10 17 11 10 12 11 13 19 14 32 15 15 16 25 17 7 18 16 19 21 20 35 21 25 22 18 23 27 24 6 25 12 26 25 27 4 28 23 29 29 30 3 31 7 32 15 33 15 34 21
14 0 4 1 8 2 13 3 7 4 28 5 10 6 4 7 15 8 32 9 39 10 12 11 10 12 970 13 1 15 979 16 23 17 2 18 8 19 1163 20 32 21 13 22 4 23 5 24 16 25 10 26 22 27 1131 28 6 29 26 30 833 31 2 32 4 33 20 34 4
30 0 23 1 20 2 11 3 21 4 14 5 7 6 968 7 8 8 19 9 27 10 13 11 10 12 7 13 17 14 25 15 10 16 11 17 20 18 1 19 23 20 25 21 16 22 19 23 26 24 19 25 35 26 27 27 6 28 5 29 2 31 24 32 6 33 12 34 12
9 0 26 1 12 2 12 3 4 4 14 5 21 6 24 7 1086 8 9 10 8 11 38 12 19 13 9 14 9 15 17 16 9 17 5 18 4 19 8 20 8 21 28 22 1083 23 19 24 12 25 32 26 7 27 16 28 13 29 7 30 17 31 810 32 18 33 28 34 11
21 0 18 1 20 2 1 3 25 4 10 5 10 6 36 7 14 8 30 9 34 10 16 11 16 12 20 13 18 14 9 15 3 16 37 17 40 18 8 19 1 20 14 22 22 23 25 24 24 25 27 26 23 27 1 28 15 29 14 30 14 31 8 32 1087 33 22 34 6
11 0 20 1 20 2 21 3 13 4 20 5 15 6 9 7 11 8 950 9 37 10 19 12 17 13 27 14 28 15 13 16 10 17 14 18 22 19 21 20 10 21 30 22 15 23 9 24 7 25 7 26 9 27 23 28 19 29 7 30 14 31 24 32 8 33 6 34 4
18 0 12 1 3 2 16 3 11 4 9 5 31 6 2 7 17 8 13 9 12 10 22 11 3 12 4 13 19 14 2 15 15 16 9 17 19 19 23 20 15 21 3 22 4 23 1 24 15 25 3 26 1 27 14 28 2 29 3 30 28 31 1 32 18 33 18 34 5
17 0 30 1 36 2 8 3 11 4 14 5 26 6 27 7 6 8 40 9 2 10 11 11 31 12 31 13 22 14 15 15 22 16 24 18 19 19 8 20 13 21 15 22 8 23 22 24 17 25 21 26 16 27 1310 28 13 29 23 30 1 31 44 32 28 33 25 34 1
33 0 15 1 20 2 16 3 9 4 22 5 13 6 6 7 15 8 15 9 13 10 28 11 32 12 20 13 25 14 22 15 1 16 4 17 30 18 9 19 20 20 18 21 20 22 17 23 25 24 1 25 28 26 16 27 5 28 4 29 21 30 18 31 7 32 1 34 13
16 0 29 1 37 2 16 3 23 4 28 5 21 6 13 7 15 8 4 9 24 10 16 11 28 12 11 13 4 14 22 15 28 17 2 18 3 19 6 20 25 21 36 22 9 23 4 24 14 25 22 26 2 27 32 28 15 29 7 30 10 31 6 32 23 33 40 34 18
0 1 10 2 1 3 13 4 1 5 26 6 3 7 22 8 17 9 8 10 34 11 18 12 13 13 19 14 1 15 4 16 12 17 24 18 9 19 10 20 8 21 10 22 17 23 26 24 27 25 7 26 7 27 24 28 21 29 25 30 4 31 17 32 17 33 20 34 17
8 0 17 1 10 2 23 3 20 4 27 5 1 6 18 7 26 9 20 10 21 11 4 12 27 13 4 14 31 15 31 16 1021 17 5 18 9 19 7 20 24 21 14 22 4 23 18 24 22 25 28 26 16 27 30 28 16 29 4 30 28 31 8 32 22 33 7 34 10
32 0 14 1 1042 2 1 3 8 4 8 5 10 6 18 7 10 8 33 9 21 10 10 11 3 12 25 13 25 14 11 15 19 16 5 17 25 18 19 19 6 20 9 21 16 22 6 23 7 24 14 25 12 26 22 27 27 28 21 29 30 30 9 31 5 33 18 34 22
23 0 24 1 30 2 18 3 21 4 17 5 8 6 13 7 13 8 13 9 10 10 5 11 20 12 39 13 18 14 29 15 19 16 17 17 1119 18 16 19 4 20 18 21 21 22 21 24 17 25 29 26 22 27 22 28 1 29 1027 30 18 31 11 32 38 33 10 34 27
7 0 31 1 10 2 10 3 20 4 14 5 1108 6 1 8 4 9 9 10 19 11 16 12 17 13 10 14 14 15 8 16 25 17 12 18 32 19 26 20 5 21 7 22 19 23 4 24 3 25 32 26 14 27 14 28 15 29 7 30 30 31 1 32 30 33 13 34 18
34 0 8 1 17 2 11 3 15 4 13 5 32 6 5 7 16 8 9 9 10 10 13 11 18 12 26 13 1095 14 32 15 10 16 25 17 9 18 18 19 18 20 10 21 28 22 32 23 31 24 9 25 21 26 7 27 4 28 13 29 6 30 26 31 1 32 20 33 15
20 0 18 1 15 2 1 3 23 4 18 5 7 6 18 7 16 8 22 9 9 10 3 11 17 12 8 13 14 14 25 15 8 16 1 17 19 18 10 19 23 21 11 22 3 23 29 24 13 25 13 26 12 27 39 28 2 29 21 30 19 31 32 32 18 33 21 34 19
