15
1 0 3 2 11 3 16 4 7 5 19 6 20 7 13 8 13 9 38 10 23 11 14 12 17 13 6 14 15
2 0 4 1 13 3 15 4 17 5 6 6 22 7 22 8 22 9 27 10 6 11 5 12 24 13 15 14 30
6 0 5 1 17 2 7 3 19 4 35 5 2 7 1 8 8 9 11 10 18 11 7 12 27 13 12 14 12
8 0 24 1 20 2 6 3 26 4 894 5 6 6 5 7 12 9 32 10 18 11 19 12 13 13 10 14 15
11 0 20 1 8 2 18 3 14 4 18 5 19 6 21 7 12 8 23 9 19 10 14 12 30 13 3 14 19
14 0 9 1 1044 2 10 3 6 4 15 5 27 6 18 7 9 8 15 9 14 10 13 11 30 12 4 13 13
0 1 28 2 1 3 1 4 19 5 15 6 23 7 30 8 39 9 2 10 10 11 21 12 8 13 25 14 12
12 0 19 1 36 2 18 3 6 4 11 5 17 6 3 7 6 8 1 9 1 10 15 11 9 13 42 14 6
7 0 11 1 22 2 5 3 7 4 24 5 15 6 15 8 15 9 27 10 6 11 29 12 8 13 29 14 17
5 0 24 1 16 2 1 3 28 4 11 6 5 7 13 8 24 9 1 10 6 11 16 12 15 13 20 14 1
4 0 15 1 5 2 11 3 15 5 20 6 23 7 12 8 16 9 14 10 21 11 3 12 26 13 898 14 9
13 0 33 1 28 2 1 3 15 4 27 5 12 6 14 7 10 8 14 9 2 10 16 11 22 12 12 14 1
10 0 22 1 18 2 13 3 13 4 15 5 30 6 24 7 36 8 11 9 27 11 3 12 21 13 17 14 31
3 0 24 1 16 2 1149 4 8 5 8 6 12 7 16 8 22 9 8 10 21 11 8 12 6 13 1032 14 5
9 0 20 1 9 2 4 3 13 4 17 5 2 6 18 7 15 8 21 10 25 11 6 12 19 13 21 14 19
