100
7 0 25 1 6 2 14 3 26 4 21 5 16 6 7 8 7 9 8 10 30 11 32 12 11 13 17 14 1 15 43 16 3 17 914 18 9 19 27 20 1 21 28 22 9 23 38 24 4 25 12 26 1 27 28 28 15 29 35 30 15 31 16 32 1139 33 11 34 37 35 5 36 4 37 25 38 14 39 11 40 29 41 26 42 26 43 8 44 10 45 22 46 3 47 1 48 25 49 30 50 22 51 10 52 18 53 11 54 1074 55 16 56 10 57 23 58 9 59 14 60 20 61 20 62 22 63 32 64 12 65 23 66 22 67 17 68 13 69 15 70 1 71 12 72 32 73 23 74 28 75 17 76 3 77 26 78 9 79 20 80 12 81 34 82 12 83 16 84 16 85 8 86 13 87 14 88 27 89 12 90 8 91 21 92 41 93 16 94 3 95 28 96 7 97 10 98 9 99 25
33 0 4 1 22 2 9 3 18 4 18 5 19 6 7 7 864 8 1 9 21 10 2 11 9 12 11 13 19 14 6 15 13 16 21 17 27 18 10 19 14 20 21 21 13 22 13 23 17 24 23 25 7 26 3 27 15 28 1 29 20 30 5 31 26 32 5 34 12 35 24 36 6 37 22 38 5 39 42 40 13 41 28 42 14 43 17 44 3 45 30 46 32 47 18 48 24 49 9 50 7 51 29 52 34 53 18 54 9 55 7 56 2 57 6 58 4 59 1 60 25 61 6 62 13 63 13 64 15 65 2 66 23 67 8 68 5 69 16 70 1079 71 19 72 12 73 22 74 5 75 31 76 22 77 1 78 15 79 28 80 22 81 1 82 16 83 5 84 32 85 26 86 9 87 5 88 27 89 31 90 6 91 937 92 6 93 19 94 32 95 15 96 16 97 31 98 9 99 7
34 0 17 1 18 2 8 3 33 4 1 5 29 6 24 7 11 8 8 9 880 10 1148 11 23 12 17 13 19 14 13 15 17 16 11 17 23 18 11 19 18 20 32 21 12 22 7 23 9 24 8 25 14 26 15 27 5 28 12 29 16 30 14 31 22 32 19 33 935 35 12 36 9 37 24 38 16 39 16 40 15 41 17 42 27 43 16 44 17 45 26 46 7 47 29 48 9 49 26 50 1 51 20 52 20 53 895 54 12 55 14 56 8 57 7 58 5 59 11 60 1 61 21 62 16 63 33 64 15 65 7 66 14 67 17 68 1096 69 15 70 19 71 30 72 20 73 10 74 21 75 26 76 5 77 5 78 6 79 13 80 8 81 25 82 9 83 24 84 18 85 17 86 22 87 1 88 14 89 12 90 27 91 1 92 9 93 17 94 11 95 1267 96 3 97 13 98 5 99 34
31 0 23 1 13 2 11 3 26 4 4 5 10 6 13 7 12 8 33 9 17 10 10 11 1 12 25 13 21 14 11 15 30 16 30 17 21 18 17 19 21 20 18 21 12 22 8 23 10 24 16 25 11 26 31 27 16 28 926 29 20 30 30 32 1024 33 8 34 27 35 15 36 6 37 17 38 2 39 25 40 22 41 21 42 9 43 4 44 23 45 10 46 22 47 1161 48 10 49 22 50 21 51 5 52 17 53 7 54 22 55 28 56 17 57 10 58 26 59 2 60 15 61 964 62 21 63 6 64 25 65 23 66 26 67 8 68 23 69 22 70 12 71 12 72 6 73 3 74 4 75 22 76 36 77 25 78 29 79 21 80 24 81 19 82 17 83 26 84 15 85 34 86 25 87 3 88 9 89 14 90 2 91 2 92 13 93 18 94 6 95 10 96 27 97 29 98 27 99 7
86 0 32 1 17 2 12 3 12 4 20 5 40 6 23 7 38 8 25 9 15 10 13 11 14 12 31 13 3 14 1 15 17 16 25 17 8 18 10 19 8 20 1 21 27 22 22 23 17 24 12 25 19 26 16 27 14 28 18 29 37 30 11 31 9 32 10 33 24 34 5 35 6 36 19 37 28 38 10 39 37 40 3 41 8 42 10 43 14 44 11 45 13 46 2 47 19 48 11 49 8 50 3 51 6 52 19 53 17 54 1082 55 17 56 26 57 1113 58 32 59 12 60 4 61 29 62 22 63 6 64 12 65 6 66 8 67 20 68 29 69 15 70 10 71 27 72 12 73 11 74 1 75 3 76 26 77 7 78 6 79 8 80 21 81 19 82 17 83 9 84 13 85 19 87 2 88 32 89 24 90 7 91 5 92 20 93 5 94 20 95 5 96 31 97 17 98 6 99 16
73 0 20 1 6 2 882 3 22 4 19 5 20 6 26 7 10 8 15 9 16 10 25 11 10 12 16 13 11 14 21 15 11 16 25 17 14 18 13 19 21 20 8 21 14 22 8 23 894 24 30 25 7 26 12 27 13 28 25 29 30 30 964 31 11 32 1 33 3 34 23 35 11 36 16 37 11 38 25 39 23 40 32 41 31 42 982 43 3 44 21 45 7 46 27 47 26 48 16 49 33 50 8 51 16 52 5 53 15 54 25 55 6 56 4 57 15 58 1049 59 28 60 27 61 15 62 7 63 1131 64 21 65 10 66 1 67 26 68 23 69 28 70 25 71 19 72 1 74 20 75 20 76 2 77 43 78 4 79 14 80 18 81 17 82 9 83 6 84 30 85 7 86 11 87 14 88 13 89 17 90 24 91 10 92 30 93 18 94 6 95 18 96 29 97 27 98 12 99 8
97 0 17 1 23 2 17 3 11 4 31 5 10 6 16 7 1 8 16 9 9 10 11 11 16 12 6 13 14 14 4 15 14 16 19 17 9 18 19 19 17 20 1 21 24 22 19 23 12 24 27 25 18 26 1 27 20 28 11 29 2 30 2 31 12 32 11 33 11 34 10 35 1 36 28 37 21 38 8 39 21 40 12 41 3 42 9 43 27 44 14 45 5 46 15 47 16 48 1 49 32 50 1 51 4 52 22 53 17 54 8 55 13 56 20 57 24 58 20 59 21 60 36 61 24 62 16 63 15 64 25 65 9 66 4 67 17 68 15 69 12 70 22 71 17 72 5 73 1 74 1 75 13 76 26 77 9 78 25 79 1 80 7 81 1051 82 10 83 5 84 31 85 1 86 20 87 16 88 24 89 17 90 16 91 22 92 11 93 25 94 7 95 22 96 23 98 23 99 10
20 0 18 1 24 2 14 3 2 4 9 5 6 6 13 7 14 8 9 9 9 10 18 11 9 12 15 13 6 14 4 15 10 16 8 17 13 18 5 19 22 21 18 22 6 23 1 24 17 25 1 26 12 27 14 28 3 29 21 30 26 31 1001 32 1004 33 23 34 13 35 5 36 18 37 15 38 11 39 27 40 13 41 18 42 17 43 6 44 6 45 35 46 1115 47 6 48 7 49 18 50 18 51 18 52 28 53 10 54 5 55 15 56 7 57 6 58 20 59 28 60 11 61 20 62 14 63 22 64 10 65 7 66 8 67 19 68 18 69 13 70 1 71 15 72 1 73 8 74 12 75 6 76 8 77 22 78 24 79 15 80 17 81 14 82 24 83 14 84 10 85 39 86 36 87 2 88 14 89 9 90 18 91 18 92 3 93 24 94 7 95 12 96 12 97 1 98 16 99 14
38 0 5 1 7 2 16 3 32 4 12 5 25 6 22 7 16 8 13 9 20 10 15 11 24 12 19 13 7 14 28 15 11 16 25 17 3 18 4 19 36 20 18 21 16 22 21 23 35 24 18 25 5 26 9 27 3 28 23 29 9 30 1 31 12 32 13 33 24 34 17 35 14 36 1 37 12 39 25 40 1 41 13 42 12 43 11 44 12 45 21 46 10 47 11 48 17 49 8 50 10 51 11 52 14 53 13 54 8 55 24 56 14 57 26 58 10 59 5 60 7 61 1 62 15 63 17 64 4 65 19 66 6 67 22 68 11 69 10 70 20 71 28 72 32 73 27 74 963 75 6 76 31 77 37 78 8 79 21 80 3 81 21 82 14 83 28 84 20 85 26 86 38 87 7 88 31 89 21 90 20 91 12 92 4 93 24 94 29 95 6 96 15 97 15 98 8 99 22
22 0 22 1 9 2 6 3 26 4 16 5 22 6 30 7 3 8 15 9 10 10 2 11 30 12 1011 13 6 14 5 15 5 16 16 17 6 18 17 19 3 20 18 21 20 23 17 24 9 25 9 26 9 27 21 28 17 29 13 30 23 31 24 32 1 33 30 34 3 35 4 36 3 37 873 38 30 39 9 40 1100 41 2 42 20 43 4 44 28 45 15 46 27 47 24 48 836 49 18 50 8 51 13 52 19 53 15 54 13 55 13 56 9 57 30 58 24 59 16 60 27 61 24 62 17 63 19 64 11 65 17 66 21 67 12 68 22 69 8 70 23 71 9 72 14 73 23 74 31 75 16 76 6 77 9 78 10 79 1068 80 10 81 20 82 23 83 24 84 26 85 19 86 38 87 6 88 23 89 20 90 23 91 4 92 11 93 15 94 11 95 18 96 12 97 2 98 12 99 5
88 0 5 1 23 2 12 3 28 4 4 5 12 6 14 7 4 8 905 9 13 10 23 11 21 12 10 13 924 14 15 15 10 16 25 17 1 18 3 19 9 20 19 21 6 22 22 23 18 24 20 25 28 26 25 27 15 28 18 29 18 30 16 31 14 32 29 33 10 34 4 35 23 36 2 37 26 38 25 39 15 40 7 41 24 42 33 43 969 44 6 45 25 46 9 47 6 48 18 49 9 50 17 51 11 52 15 53 24 54 17 55 33 56 11 57 9 58 8 59 25 60 27 61 799 62 14 63 14 64 29 65 6 66 20 67 16 68 1 69 20 70 8 71 6 72 18 73 3 74 6 75 11 76 28 77 20 78 12 79 20 80 10 81 24 82 27 83 19 84 24 85 32 86 21 87 30 89 22 90 16 91 31 92 2 93 27 94 38 95 25 96 4 97 14 98 20 99 5
72 0 24 1 8 2 30 3 8 4 969 5 4 6 32 7 12 8 19 9 15 10 25 11 907 12 1 13 6 14 2 15 22 16 22 17 942 18 18 19 19 20 28 21 6 22 5 23 9 24 25 25 10 26 10 27 8 28 15 29 3 30 23 31 9 32 18 33 35 34 1 35 30 36 9 37 17 38 9 39 36 40 29 41 12 42 8 43 12 44 28 45 22 46 4 47 14 48 9 49 5 50 11 51 12 52 17 53 21 54 21 55 25 56 14 57 16 58 17 59 27 60 13 61 18 62 18 63 16 64 21 65 19 66 16 67 27 68 11 69 8 70 22 71 900 73 19 74 7 75 14 76 2 77 914 78 28 79 9 80 7 81 24 82 24 83 3 84 11 85 5 86 10 87 13 88 12 89 11 90 14 91 13 92 2 93 12 94 16 95 24 96 24 97 29 98 17 99 12
37 0 2 1 22 2 14 3 4 4 29 5 31 6 19 7 18 8 10 9 12 10 14 11 10 12 21 13 11 14 26 15 8 16 8 17 17 18 11 19 6 20 21 21 29 22 22 23 38 24 28 25 19 26 11 27 38 28 7 29 13 30 4 31 23 32 3 33 23 34 21 35 33 36 18 38 1079 39 25 40 3 41 10 42 6 43 18 44 13 45 15 46 11 47 30 48 35 49 23 50 17 51 3 52 18 53 12 54 18 55 20 56 11 57 7 58 19 59 2 60 1 61 10 62 12 63 21 64 23 65 29 66 15 67 19 68 20 69 19 70 12 71 11 72 15 73 11 74 14 75 18 76 10 77 26 78 26 79 20 80 16 81 2 82 7 83 22 84 1 85 21 86 25 87 43 88 1 89 22 90 33 91 1 92 9 93 11 94 8 95 3 96 7 97 18 98 4 99 4
75 0 22 1 38 2 26 3 13 4 13 5 31 6 13 7 15 8 4 9 21 10 16 11 17 12 9 13 34 14 1 15 8 16 24 17 21 18 18 19 23 20 3 21 14 22 5 23 12 24 15 25 11 26 21 27 17 28 13 29 16 30 27 31 14 32 11 33 14 34 9 35 21 36 21 37 15 38 17 39 38 40 4 41 28 42 7 43 28 44 37 45 10 46 1 47 9 48 17 49 24 50 13 51 6 52 14 53 6 54 7 55 4 56 5 57 21 58 14 59 23 60 4 61 12 62 15 63 3 64 9 65 22 66 6 67 15 68 20 69 11 70 15 71 12 72 14 73 15 74 27 76 9 77 18 78 8 79 2 80 11 81 13 82 22 83 11 84 17 85 25 86 2 87 24 88 13 89 32 90 17 91 23 92 6 93 17 94 21 95 27 96 15 97 18 98 4 99 24
79 0 15 1 2 2 19 3 10 4 9 5 1 6 22 7 14 8 5 9 1002 10 26 11 10 12 16 13 44 14 930 15 16 16 6 17 22 18 7 19 19 20 30 21 11 22 17 23 34 24 14 25 16 26 32 27 27 28 17 29 21 30 13 31 20 32 1212 33 18 34 16 35 23 36 23 37 8 38 23 39 14 40 15 41 18 42 21 43 5 44 9 45 21 46 21 47 23 48 7 49 12 50 24 51 5 52 3 53 10 54 2 55 18 56 19 57 21 58 26 59 34 60 1 61 22 62 17 63 32 64 28 65 17 66 11 67 11 68 10 69 6 70 12 71 16 72 21 73 4 74 6 75 5 76 20 77 1 78 19 80 17 81 10 82 18 83 25 84 17 85 6 86 3 87 9 88 12 89 27 90 33 91 7 92 1 93 14 94 7 95 14 96 17 97 30 98 16 99 14
50 0 24 1 21 2 11 3 1 4 5 5 16 6 45 7 19 8 16 9 9 10 26 11 1 12 1 13 14 14 11 15 3 16 1 17 1095 18 6 19 30 20 11 21 3 22 24 23 5 24 18 25 23 26 20 27 31 28 27 29 993 30 20 31 22 32 22 33 11 34 19 35 7 36 34 37 889 38 25 39 24 40 40 41 8 42 28 43 22 44 7 45 16 46 8 47 6 48 22 49 13 51 25 52 31 53 7 54 21 55 9 56 23 57 1 58 30 59 2 60 21 61 9 62 2 63 1 64 19 65 2 66 32 67 25 68 1021 69 24 70 10 71 19 72 24 73 21 74 15 75 8 76 14 77 15 78 2 79 39 80 16 81 31 82 29 83 33 84 27 85 23 86 20 87 17 88 1 89 11 90 1 91 27 92 42 93 12 94 1069 95 6 96 11 97 7 98 13 99 830
44 0 21 1 19 2 15 3 10 4 22 5 14 6 16 7 21 8 8 9 31 10 1 11 22 12 14 13 5 14 19 15 12 16 10 17 12 18 36 19 24 20 6 21 24 22 19 23 17 24 44 25 22 26 28 27 21 28 9 29 13 30 12 31 27 32 24 33 21 34 9 35 1 36 6 37 23 38 19 39 6 40 12 41 1 42 14 43 22 45 2 46 5 47 30 48 12 49 20 50 1 51 15 52 4 53 2 54 15 55 11 56 18 57 33 58 16 59 20 60 27 61 33 62 12 63 15 64 5 65 35 66 13 67 6 68 28 69 6 70 1021 71 1 72 15 73 1 74 8 75 22 76 6 77 24 78 23 79 15 80 26 81 24 82 3 83 4 84 11 85 7 86 4 87 25 88 27 89 1 90 26 91 2 92 6 93 14 94 28 95 21 96 11 97 16 98 8 99 15
0 1 32 2 11 3 20 4 8 5 2 6 19 7 31 8 23 9 3 10 10 11 9 12 24 13 22 14 10 15 7 16 10 17 27 18 15 19 23 20 6 21 11 22 15 23 21 24 17 25 27 26 10 27 24 28 5 29 13 30 1 31 4 32 14 33 982 34 25 35 5 36 8 37 5 38 2 39 5 40 20 41 27 42 16 43 816 44 2 45 15 46 14 47 25 48 19 49 19 50 1 51 21 52 23 53 9 54 34 55 20 56 17 57 2 58 1 59 2 60 13 61 20 62 7 63 18 64 33 65 13 66 21 67 24 68 14 69 14 70 5 71 26 72 815 73 13 74 18 75 23 76 1 77 21 78 15 79 26 80 3 81 17 82 28 83 15 84 28 85 9 86 25 87 7 88 20 89 5 90 19 91 5 92 25 93 9 94 29 95 19 96 18 97 12 98 26 99 14
16 0 7 1 12 2 31 3 22 4 25 5 24 6 18 7 28 8 25 9 16 10 13 11 31 12 17 13 10 14 19 15 24 17 22 18 25 19 28 20 10 21 18 22 14 23 6 24 23 25 1 26 19 27 16 28 5 29 6 30 2 31 9 32 30 33 9 34 11 35 19 36 20 37 11 38 18 39 14 40 28 41 27 42 7 43 27 44 23 45 1104 46 18 47 15 48 10 49 15 50 22 51 8 52 17 53 19 54 11 55 20 56 8 57 2 58 4 59 11 60 1 61 5 62 29 63 10 64 20 65 1 66 6 67 4 68 39 69 2 70 19 71 13 72 17 73 10 74 18 75 29 76 18 77 9 78 17 79 30 80 19 81 9 82 8 83 15 84 5 85 23 86 17 87 15 88 27 89 29 90 16 91 2 92 22 93 8 94 3 95 15 96 9 97 23 98 8 99 28
61 0 11 1 12 2 6 3 16 4 4 5 19 6 10 7 35 8 14 9 8 10 18 11 3 12 11 13 17 14 20 15 2 16 30 17 18 18 26 19 2 20 28 21 13 22 5 23 6 24 3 25 23 26 4 27 15 28 1 29 16 30 19 31 21 32 27 33 4 34 13 35 23 36 17 37 11 38 18 39 6 40 24 41 9 42 5 43 9 44 21 45 25 46 20 47 9 48 25 49 10 50 10 51 40 52 20 53 7 54 18 55 21 56 1 57 13 58 2 59 27 60 20 62 1 63 10 64 19 65 16 66 4 67 17 68 29 69 10 70 7 71 8 72 21 73 22 74 5 75 32 76 10 77 35 78 5 79 3 80 28 81 4 82 20 83 1 84 15 85 18 86 13 87 38 88 16 89 20 90 7 91 12 92 21 93 18 94 6 95 31 96 25 97 6 98 3 99 4
95 0 22 1 2 2 36 3 24 4 19 5 25 6 26 7 20 8 23 9 15 10 27 11 20 12 26 13 9 14 13 15 21 16 18 17 27 18 21 19 17 20 16 21 29 22 17 23 12 24 24 25 18 26 2 27 33 28 17 29 4 30 18 31 14 32 1 33 17 34 15 35 27 36 18 37 21 38 15 39 10 40 10 41 5 42 8 43 861 44 9 45 19 46 5 47 1 48 3 49 29 50 13 51 9 52 5 53 6 54 13 55 12 56 6 57 20 58 15 59 20 60 28 61 1 62 1121 63 17 64 7 65 32 66 31 67 32 68 8 69 27 70 26 71 12 72 19 73 21 74 21 75 24 76 24 77 35 78 18 79 24 80 25 81 889 82 7 83 3 84 3 85 3 86 14 87 17 88 22 89 22 90 3 91 24 92 7 93 27 94 1 96 36 97 14 98 22 99 19
52 0 9 1 3 2 18 3 5 4 3 5 28 6 3 7 14 8 22 9 20 10 21 11 17 12 1 13 17 14 9 15 18 16 1 17 24 18 14 19 6 20 13 21 19 22 18 23 36 24 14 25 18 26 14 27 21 28 3 29 15 30 27 31 10 32 23 33 949 34 25 35 1 36 10 37 12 38 25 39 2 40 11 41 1 42 26 43 12 44 15 45 2 46 9 47 1 48 14 49 3 50 18 51 8 53 14 54 25 55 16 56 6 57 22 58 1 59 15 60 35 61 24 62 18 63 26 64 19 65 17 66 10 67 13 68 22 69 7 70 8 71 24 72 15 73 13 74 20 75 15 76 6 77 21 78 17 79 8 80 31 81 11 82 965 83 28 84 19 85 2 86 1 87 2 88 12 89 19 90 19 91 10 92 18 93 8 94 21 95 28 96 12 97 15 98 23 99 14
69 0 21 1 26 2 20 3 25 4 15 5 29 6 19 7 4 8 26 9 15 10 13 11 2 12 19 13 19 14 22 15 18 16 28 17 14 18 9 19 8 20 17 21 16 22 22 23 26 24 32 25 26 26 29 27 21 28 9 29 38 30 5 31 9 32 3 33 13 34 19 35 17 36 19 37 12 38 3 39 28 40 3 41 28 42 14 43 10 44 19 45 10 46 8 47 7 48 23 49 17 50 15 51 13 52 24 53 16 54 33 55 29 56 16 57 20 58 23 59 13 60 6 61 19 62 19 63 21 64 1 65 4 66 25 67 9 68 8 70 10 71 17 72 12 73 15 74 20 75 964 76 15 77 14 78 13 79 9 80 26 81 1 82 2 83 14 84 18 85 22 86 7 87 19 88 32 89 17 90 9 91 10 92 1243 93 5 94 14 95 9 96 3 97 15 98 22 99 23
78 0 10 1 13 2 20 3 23 4 12 5 22 6 19 7 1 8 5 9 6 10 39 11 1 12 10 13 24 14 7 15 15 16 26 17 10 18 13 19 15 20 19 21 15 22 3 23 11 24 11 25 18 26 14 27 22 28 8 29 22 30 11 31 17 32 4 33 37 34 12 35 22 36 41 37 14 38 9 39 925 40 27 41 15 42 20 43 16 44 33 45 5 46 8 47 17 48 5 49 14 50 5 51 18 52 13 53 2 54 12 55 2 56 18 57 3 58 33 59 24 60 11 61 10 62 10 63 23 64 2 65 13 66 28 67 11 68 1 69 15 70 33 71 24 72 23 73 18 74 4 75 22 76 13 77 19 79 25 80 17 81 19 82 24 83 8 84 9 85 7 86 3 87 3 88 19 89 22 90 25 91 27 92 1077 93 6 94 16 95 38 96 13 97 33 98 14 99 9
30 0 9 1 30 2 3 3 9 4 8 5 26 6 14 7 8 8 35 9 16 10 16 11 2 12 30 13 13 14 18 15 13 16 1 17 1 18 1130 19 6 20 5 21 13 22 15 23 14 24 2 25 13 26 30 27 983 28 1023 29 21 31 18 32 24 33 22 34 13 35 11 36 19 37 20 38 21 39 30 40 7 41 23 42 28 43 24 44 13 45 1108 46 1119 47 18 48 4 49 28 50 1 51 8 52 6 53 11 54 26 55 17 56 7 57 5 58 11 59 5 60 5 61 14 62 12 63 17 64 1026 65 2 66 7 67 18 68 7 69 1 70 27 71 22 72 12 73 1 74 27 75 29 76 14 77 4 78 21 79 23 80 924 81 24 82 21 83 11 84 24 85 924 86 13 87 1 88 9 89 10 90 19 91 25 92 12 93 13 94 17 95 25 96 11 97 26 98 20 99 6
12 0 16 1 27 2 19 3 1 4 17 5 3 6 6 7 22 8 12 9 7 10 1 11 17 13 9 14 14 15 20 16 31 17 10 18 10 19 17 20 12 21 5 22 29 23 18 24 16 25 25 26 12 27 4 28 16 29 4 30 16 31 1010 32 20 33 20 34 6 35 25 36 16 37 27 38 5 39 28 40 1 41 7 42 10 43 5 44 3 45 11 46 9 47 4 48 20 49 9 50 6 51 14 52 3 53 30 54 21 55 7 56 19 57 11 58 31 59 22 60 25 61 2 62 5 63 15 64 25 65 6 66 12 67 8 68 28 69 17 70 3 71 30 72 29 73 10 74 20 75 6 76 16 77 11 78 11 79 11 80 27 81 13 82 14 83 4 84 19 85 26 86 5 87 5 88 1017 89 31 90 9 91 16 92 24 93 6 94 15 95 10 96 15 97 13 98 12 99 6
84 0 37 1 25 2 17 3 17 4 5 5 6 6 9 7 6 8 16 9 33 10 8 11 9 12 11 13 20 14 16 15 11 16 20 17 22 18 13 19 12 20 891 21 8 22 14 23 9 24 17 25 20 26 15 27 24 28 1 29 7 30 16 31 21 32 19 33 15 34 2 35 26 36 15 37 7 38 15 39 5 40 1030 41 3 42 3 43 30 44 1 45 16 46 13 47 9 48 24 49 1 50 25 51 15 52 22 53 13 54 11 55 20 56 5 57 4 58 19 59 17 60 17 61 952 62 9 63 19 64 9 65 992 66 21 67 7 68 878 69 14 70 18 71 5 72 22 73 17 74 14 75 28 76 37 77 907 78 14 79 9 80 10 81 19 82 13 83 31 85 16 86 12 87 3 88 19 89 4 90 27 91 29 92 13 93 16 94 1026 95 10 96 4 97 17 98 5 99 1
53 0 13 1 24 2 24 3 25 4 5 5 939 6 9 7 26 8 39 9 3 10 28 11 968 12 21 13 2 14 13 15 19 16 25 17 7 18 6 19 31 20 13 21 40 22 25 23 23 24 17 25 23 26 19 27 8 28 1 29 28 30 15 31 1022 32 13 33 35 34 27 35 3 36 22 37 28 38 27 39 5 40 16 41 18 42 25 43 18 44 23 45 19 46 21 47 11 48 21 49 23 50 7 51 16 52 16 54 21 55 30 56 12 57 16 58 23 59 24 60 11 61 998 62 24 63 1 64 3 65 26 66 2 67 5 68 16 69 13 70 31 71 1 72 14 73 14 74 4 75 14 76 15 77 18 78 15 79 11 80 1 81 15 82 23 83 13 84 17 85 21 86 9 87 24 88 9 89 19 90 20 91 14 92 19 93 16 94 15 95 5 96 11 97 3 98 10 99 1
40 0 21 1 6 2 1036 3 5 4 9 5 12 6 26 7 18 8 12 9 21 10 16 11 21 12 10 13 7 14 24 15 988 16 28 17 20 18 7 19 16 20 17 21 23 22 10 23 2 24 1 25 9 26 23 27 8 28 24 29 36 30 14 31 28 32 19 33 3 34 16 35 24 36 19 37 11 38 15 39 13 41 14 42 13 43 8 44 1 45 18 46 12 47 25 48 7 49 32 50 15 51 22 52 2 53 16 54 8 55 29 56 5 57 12 58 14 59 25 60 15 61 9 62 37 63 2 64 3 65 1 66 34 67 26 68 22 69 961 70 3 71 19 72 4 73 29 74 32 75 21 76 909 77 11 78 17 79 11 80 22 81 4 82 12 83 36 84 8 85 12 86 1 87 14 88 17 89 8 90 26 91 9 92 21 93 1 94 1 95 6 96 8 97 30 98 15 99 10
19 0 24 1 2 2 8 3 23 4 12 5 21 6 17 7 12 8 32 9 20 10 10 11 1 12 16 13 13 14 672 15 15 16 26 17 36 18 19 20 5 21 7 22 24 23 19 24 28 25 6 26 16 27 9 28 23 29 12 30 1 31 14 32 13 33 48 34 19 35 24 36 6 37 39 38 28 39 12 40 1 41 21 42 27 43 9 44 12 45 2 46 35 47 10 48 2 49 9 50 13 51 32 52 11 53 19 54 21 55 22 56 25 57 22 58 18 59 25 60 8 61 1 62 15 63 13 64 19 65 15 66 12 67 9 68 35 69 21 70 9 71 12 72 1 73 8 74 16 75 14 76 18 77 22 78 24 79 21 80 16 81 5 82 23 83 9 84 14 85 15 86 23 87 3 88 11 89 18 90 9 91 6 92 14 93 8 94 10 95 14 96 17 97 34 98 7 99 1
29 0 11 1 14 2 4 3 11 4 23 5 16 6 973 7 33 8 4 9 16 10 19 11 18 12 22 13 2 14 33 15 12 16 34 17 12 18 1 19 17 20 1 21 26 22 23 23 24 24 5 25 3 26 20 27 19 28 16 30 2 31 18 32 25 33 27 34 12 35 8 36 23 37 1 38 16 39 4 40 11 41 3 42 22 43 10 44 22 45 17 46 26 47 27 48 16 49 22 50 32 51 23 52 4 53 20 54 14 55 20 56 26 57 40 58 11 59 24 60 7 61 4 62 28 63 25 64 13 65 10 66 17 67 4 68 6 69 9 70 25 71 9 72 35 73 11 74 10 75 1 76 14 77 15 78 19 79 15 80 21 81 7 82 14 83 20 84 9 85 9 86 8 87 23 88 16 89 12 90 919 91 15 92 22 93 3 94 26 95 4 96 940 97 8 98 13 99 2
43 0 1 1 1 2 6 3 11 4 16 5 12 6 1 7 18 8 15 9 19 10 11 11 15 12 21 13 27 14 12 15 18 16 22 17 25 18 29 19 19 20 14 21 18 22 36 23 12 24 2 25 18 26 16 27 19 28 18 29 35 30 967 31 10 32 23 33 19 34 7 35 13 36 13 37 1 38 17 39 13 40 22 41 13 42 16 44 7 45 13 46 1132 47 14 48 13 49 28 50 7 51 18 52 18 53 8 54 19 55 5 56 23 57 24 58 5 59 11 60 11 61 10 62 3 63 22 64 17 65 14 66 21 67 3 68 14 69 16 70 23 71 10 72 41 73 1108 74 18 75 39 76 33 77 21 78 26 79 1 80 23 81 29 82 31 83 25 84 22 85 23 86 20 87 10 88 33 89 8 90 16 91 5 92 6 93 10 94 22 95 7 96 13 97 25 98 21 99 16
3 0 7 1 15 2 13 4 30 5 2 6 23 7 31 8 15 9 6 10 19 11 10 12 19 13 21 14 1 15 15 16 8 17 19 18 10 19 11 20 22 21 901 22 16 23 18 24 22 25 10 26 9 27 21 28 13 29 24 30 11 31 1 32 6 33 3 34 25 35 26 36 15 37 22 38 18 39 1006 40 14 41 2 42 4 43 8 44 21 45 28 46 10 47 14 48 13 49 1072 50 11 51 10 52 8 53 18 54 13 55 24 56 18 57 4 58 28 59 23 60 31 61 16 62 17 63 34 64 15 65 24 66 25 67 10 68 25 69 12 70 7 71 11 72 10 73 25 74 10 75 19 76 31 77 4 78 4 79 21 80 24 81 12 82 5 83 19 84 17 85 31 86 14 87 15 88 8 89 11 90 10 91 1160 92 30 93 15 94 16 95 15 96 3 97 25 98 3 99 28
58 0 12 1 2 2 20 3 12 4 29 5 17 6 8 7 16 8 26 9 11 10 4 11 9 12 34 13 21 14 13 15 12 16 14 17 10 18 23 19 43 20 2 21 11 22 4 23 9 24 17 25 27 26 18 27 4 28 6 29 27 30 33 31 1 32 25 33 32 34 1 35 25 36 32 37 18 38 11 39 20 40 1 41 13 42 12 43 18 44 31 45 13 46 29 47 9 48 14 49 7 50 16 51 6 52 8 53 1 54 8 55 4 56 10 57 14 59 16 60 1 61 9 62 13 63 23 64 12 65 24 66 19 67 8 68 11 69 15 70 28 71 1024 72 21 73 27 74 1 75 2 76 18 77 21 78 14 79 8 80 10 81 30 82 16 83 14 84 9 85 19 86 4 87 18 88 27 89 16 90 23 91 20 92 891 93 23 94 16 95 10 96 17 97 16 98 25 99 1
11 0 3 1 14 2 1 3 6 4 20 5 22 6 21 7 18 8 12 9 8 10 8 12 25 13 14 14 12 15 15 16 17 17 15 18 3 19 7 20 5 21 8 22 21 23 8 24 16 25 1 26 20 27 3 28 15 29 20 30 14 31 10 32 12 33 9 34 19 35 28 36 8 37 4 38 5 39 41 40 6 41 31 42 11 43 8 44 19 45 19 46 14 47 18 48 37 49 20 50 10 51 20 52 26 53 1127 54 16 55 28 56 4 57 25 58 16 59 27 60 7 61 18 62 18 63 4 64 5 65 11 66 16 67 20 68 15 69 20 70 24 71 9 72 7 73 24 74 29 75 24 76 33 77 879 78 10 79 25 80 23 81 4 82 962 83 20 84 18 85 9 86 10 87 1 88 31 89 3 90 2 91 20 92 30 93 16 94 9 95 11 96 3 97 3 98 1 99 35
80 0 3 1 2 2 20 3 27 4 3 5 7 6 6 7 2 8 15 9 21 10 8 11 16 12 23 13 21 14 22 15 18 16 6 17 18 18 24 19 34 20 20 21 20 22 5 23 15 24 30 25 35 26 13 27 19 28 14 29 3 30 25 31 16 32 10 33 7 34 26 35 27 36 20 37 28 38 7 39 783 40 26 41 10 42 3 43 18 44 12 45 2 46 13 47 39 48 3 49 3 50 1 51 19 52 29 53 1 54 30 55 2 56 23 57 3 58 16 59 13 60 17 61 15 62 2 63 13 64 25 65 15 66 20 67 29 68 10 69 2 70 1 71 13 72 2 73 6 74 5 75 16 76 13 77 9 78 1210 79 4 81 9 82 19 83 20 84 24 85 31 86 20 87 34 88 6 89 13 90 7 91 1 92 18 93 15 94 7 95 15 96 15 97 17 98 15 99 15
9 0 15 1 1 2 31 3 18 4 12 5 6 6 31 7 2 8 17 10 20 11 23 12 14 13 23 14 22 15 20 16 15 17 12 18 10 19 18 20 27 21 22 22 20 23 13 24 12 25 14 26 9 27 23 28 27 29 19 30 12 31 10 32 981 33 27 34 41 35 1 36 15 37 5 38 13 39 12 40 1076 41 2 42 17 43 919 44 16 45 10 46 21 47 23 48 19 49 7 50 19 51 4 52 27 53 24 54 27 55 25 56 22 57 21 58 23 59 26 60 4 61 32 62 975 63 17 64 33 65 11 66 6 67 3 68 10 69 6 70 13 71 16 72 12 73 2 74 24 75 18 76 35 77 41 78 4 79 19 80 23 81 25 82 12 83 11 84 10 85 802 86 12 87 9 88 16 89 10 90 35 91 6 92 4 93 7 94 20 95 41 96 13 97 20 98 21 99 21
10 0 5 1 11 2 7 3 6 4 26 5 5 6 22 7 16 8 1 9 18 11 7 12 2 13 15 14 12 15 1 16 1 17 14 18 14 19 9 20 26 21 14 22 44 23 21 24 17 25 25 26 11 27 15 28 16 29 4 30 18 31 15 32 20 33 22 34 12 35 4 36 14 37 29 38 1118 39 30 40 21 41 13 42 1025 43 11 44 8 45 16 46 12 47 18 48 22 49 17 50 28 51 20 52 6 53 4 54 8 55 14 56 1 57 37 58 25 59 23 60 8 61 1036 62 23 63 24 64 22 65 33 66 18 67 1 68 13 69 25 70 13 71 7 72 15 73 2 74 19 75 12 76 17 77 4 78 9 79 21 80 25 81 21 82 6 83 18 84 22 85 21 86 16 87 8 88 18 89 12 90 13 91 1 92 20 93 12 94 11 95 18 96 13 97 32 98 22 99 15
98 0 1 1 19 2 14 3 4 4 10 5 20 6 1 7 22 8 1 9 25 10 16 11 11 12 11 13 996 14 12 15 17 16 19 17 17 18 11 19 20 20 20 21 31 22 25 23 16 24 10 25 13 26 19 27 15 28 10 29 12 30 10 31 17 32 8 33 10 34 22 35 12 36 13 37 22 38 21 39 12 40 18 41 36 42 5 43 13 44 8 45 22 46 18 47 8 48 24 49 1 50 12 51 19 52 16 53 26 54 9 55 22 56 2 57 13 58 10 59 22 60 15 61 28 62 1046 63 5 64 3 65 19 66 3 67 15 68 15 69 26 70 18 71 5 72 22 73 18 74 19 75 20 76 1020 77 16 78 28 79 36 80 22 81 16 82 32 83 9 84 14 85 23 86 12 87 12 88 10 89 15 90 23 91 17 92 8 93 5 94 21 95 24 96 14 97 12 99 5
41 0 15 1 17 2 10 3 11 4 11 5 1073 6 16 7 17 8 36 9 28 10 19 11 16 12 5 13 15 14 13 15 13 16 12 17 8 18 13 19 22 20 13 21 9 22 24 23 1 24 14 25 13 26 24 27 32 28 26 29 23 30 1 31 11 32 31 33 17 34 14 35 10 36 11 37 21 38 14 39 18 40 19 42 27 43 2 44 1 45 39 46 32 47 36 48 25 49 19 50 18 51 21 52 20 53 17 54 11 55 33 56 7 57 1 58 13 59 6 60 4 61 12 62 37 63 13 64 18 65 28 66 16 67 15 68 33 69 30 70 23 71 21 72 31 73 22 74 18 75 11 76 4 77 5 78 4 79 13 80 20 81 1 82 29 83 3 84 13 85 1 86 31 87 1 88 15 89 8 90 27 91 1 92 6 93 18 94 9 95 25 96 9 97 17 98 5 99 2
70 0 27 1 22 2 14 3 33 4 8 5 12 6 15 7 23 8 40 9 1 10 8 11 20 12 19 13 13 14 14 15 15 16 8 17 15 18 14 19 17 20 10 21 16 22 21 23 16 24 8 25 3 26 2 27 21 28 2 29 25 30 7 31 12 32 1034 33 12 34 5 35 17 36 6 37 12 38 21 39 8 40 9 41 2 42 33 43 4 44 12 45 10 46 16 47 11 48 22 49 12 50 5 51 27 52 27 53 15 54 19 55 17 56 6 57 2 58 29 59 9 60 15 61 5 62 18 63 887 64 4 65 4 66 32 67 11 68 11 69 4 71 19 72 29 73 21 74 1 75 10 76 18 77 8 78 3 79 9 80 13 81 14 82 9 83 14 84 26 85 2 86 13 87 15 88 4 89 25 90 17 91 25 92 3 93 5 94 6 95 8 96 1153 97 14 98 13 99 15
46 0 13 1 25 2 4 3 9 4 1 5 13 6 5 7 11 8 15 9 12 10 5 11 15 12 25 13 17 14 31 15 16 16 2 17 13 18 14 19 11 20 19 21 18 22 3 23 10 24 16 25 15 26 12 27 14 28 16 29 5 30 12 31 14 32 2 33 10 34 3 35 3 36 25 37 14 38 993 39 18 40 14 41 10 42 22 43 11 44 17 45 11 47 21 48 6 49 14 50 7 51 15 52 23 53 22 54 18 55 11 56 12 57 21 58 13 59 11 60 10 61 6 62 2 63 11 64 14 65 22 66 12 67 17 68 3 69 15 70 5 71 6 72 7 73 16 74 14 75 7 76 6 77 12 78 16 79 14 80 17 81 18 82 22 83 9 84 20 85 6 86 14 87 15 88 24 89 20 90 2 91 26 92 1 93 28 94 17 95 11 96 14 97 6 98 8 99 12
51 0 18 1 11 2 13 3 15 4 10 5 28 6 11 7 15 8 11 9 17 10 18 11 30 12 19 13 9 14 4 15 3 16 22 17 17 18 22 19 13 20 11 21 18 22 4 23 16 24 8 25 6 26 29 27 19 28 14 29 16 30 1057 31 3 32 28 33 30 34 21 35 22 36 29 37 21 38 29 39 13 40 2 41 24 42 23 43 13 44 4 45 11 46 3 47 9 48 31 49 20 50 30 52 1360 53 16 54 13 55 11 56 4 57 30 58 1 59 26 60 16 61 19 62 27 63 2 64 21 65 10 66 13 67 8 68 8 69 3 70 21 71 10 72 10 73 13 74 13 75 19 76 18 77 7 78 5 79 6 80 22 81 1 82 13 83 18 84 21 85 22 86 7 87 10 88 1018 89 928 90 8 91 1 92 1 93 26 94 19 95 14 96 12 97 16 98 10 99 23
24 0 10 1 14 2 22 3 28 4 13 5 15 6 4 7 6 8 8 9 11 10 21 11 13 12 25 13 6 14 6 15 21 16 23 17 20 18 1 19 14 20 1 21 16 22 863 23 3 25 17 26 19 27 21 28 25 29 15 30 3 31 21 32 28 33 22 34 11 35 26 36 16 37 18 38 9 39 3 40 36 41 27 42 12 43 8 44 24 45 2 46 16 47 20 48 21 49 20 50 23 51 19 52 31 53 11 54 17 55 18 56 11 57 39 58 31 59 16 60 23 61 34 62 16 63 11 64 25 65 20 66 15 67 3 68 31 69 4 70 5 71 27 72 19 73 26 74 36 75 4 76 8 77 5 78 29 79 1 80 13 81 8 82 9 83 22 84 22 85 2 86 12 87 25 88 6 89 37 90 20 91 13 92 6 93 24 94 12 95 14 96 24 97 4 98 11 99 7
63 0 11 1 12 2 1 3 1 4 24 5 13 6 1 7 20 8 10 9 23 10 13 11 13 12 29 13 14 14 15 15 11 16 5 17 26 18 27 19 20 20 17 21 2 22 23 23 1 24 18 25 21 26 22 27 7 28 2 29 11 30 17 31 10 32 11 33 18 34 23 35 31 36 16 37 31 38 17 39 17 40 5 41 6 42 18 43 19 44 16 45 19 46 11 47 22 48 5 49 24 50 4 51 12 52 4 53 24 54 26 55 13 56 3 57 27 58 8 59 5 60 12 61 2 62 16 64 12 65 24 66 15 67 17 68 16 69 12 70 1 71 24 72 12 73 29 74 29 75 9 76 30 77 17 78 29 79 24 80 5 81 1 82 26 83 7 84 2 85 19 86 15 87 7 88 19 89 3 90 7 91 16 92 18 93 16 94 24 95 8 96 8 97 23 98 1 99 28
82 0 27 1 19 2 32 3 22 4 1 5 2 6 16 7 22 8 3 9 16 10 24 11 4 12 21 13 11 14 13 15 16 16 21 17 8 18 20 19 2 20 17 21 4 22 6 23 14 24 20 25 28 26 13 27 31 28 5 29 30 30 20 31 20 32 9 33 7 34 21 35 13 36 23 37 10 38 926 39 3 40 20 41 30 42 24 43 1074 44 17 45 14 46 22 47 23 48 4 49 2 50 17 51 13 52 28 53 17 54 8 55 7 56 33 57 9 58 21 59 3 60 21 61 4 62 19 63 2 64 10 65 4 66 17 67 5 68 787 69 14 70 12 71 42 72 4 73 25 74 10 75 14 76 13 77 4 78 10 79 1 80 26 81 24 83 15 84 31 85 6 86 14 87 12 88 18 89 29 90 9 91 13 92 27 93 20 94 5 95 30 96 7 97 39 98 7 99 11
64 0 19 1 11 2 10 3 8 4 6 5 12 6 2 7 10 8 20 9 8 10 19 11 29 12 4 13 25 14 15 15 21 16 945 17 6 18 1 19 3 20 29 21 6 22 19 23 20 24 1 25 34 26 24 27 11 28 5 29 11 30 13 31 19 32 13 33 13 34 12 35 28 36 21 37 15 38 22 39 14 40 5 41 18 42 24 43 5 44 32 45 27 46 8 47 8 48 13 49 10 50 24 51 3 52 32 53 22 54 18 55 31 56 15 57 11 58 12 59 2 60 21 61 23 62 19 63 19 65 19 66 14 67 1 68 3 69 22 70 11 71 21 72 10 73 17 74 10 75 22 76 22 77 37 78 24 79 10 80 1 81 7 82 9 83 31 84 19 85 10 86 16 87 18 88 16 89 11 90 14 91 3 92 8 93 17 94 25 95 20 96 18 97 23 98 18 99 31
55 0 4 1 16 2 38 3 16 4 20 5 19 6 35 7 7 8 27 9 20 10 4 11 14 12 26 13 14 14 8 15 20 16 2 17 26 18 21 19 25 20 1 21 2 22 16 23 25 24 7 25 17 26 12 27 22 28 16 29 6 30 26 31 17 32 1 33 11 34 11 35 12 36 2 37 21 38 19 39 29 40 14 41 16 42 5 43 21 44 9 45 11 46 12 47 17 48 29 49 20 50 17 51 34 52 11 53 31 54 32 56 19 57 15 58 29 59 3 60 15 61 26 62 19 63 41 64 25 65 14 66 24 67 1 68 14 69 5 70 8 71 27 72 4 73 24 74 9 75 37 76 15 77 4 78 16 79 13 80 20 81 3 82 1 83 13 84 17 85 13 86 18 87 13 88 15 89 9 90 22 91 25 92 6 93 15 94 11 95 1 96 13 97 14 98 13 99 10
68 0 22 1 16 2 1 3 2 4 20 5 18 6 10 7 5 8 16 9 30 10 1139 11 33 12 18 13 10 14 21 15 15 16 26 17 8 18 18 19 15 20 32 21 19 22 23 23 11 24 27 25 10 26 23 27 12 28 20 29 24 30 18 31 14 32 26 33 26 34 27 35 19 36 8 37 22 38 23 39 1127 40 20 41 2 42 12 43 6 44 19 45 17 46 16 47 934 48 13 49 4 50 21 51 10 52 34 53 14 54 16 55 12 56 13 57 8 58 8 59 1017 60 14 61 16 62 5 63 8 64 13 65 19 66 3 67 23 69 7 70 14 71 19 72 29 73 4 74 8 75 10 76 9 77 34 78 14 79 18 80 28 81 23 82 905 83 6 84 20 85 22 86 1 87 5 88 12 89 13 90 1 91 23 92 6 93 20 94 33 95 9 96 39 97 5 98 19 99 7
91 0 1 1 12 2 13 3 15 4 32 5 22 6 32 7 16 8 22 9 6 10 17 11 13 12 15 13 25 14 23 15 29 16 21 17 4 18 30 19 13 20 28 21 22 22 5 23 4 24 9 25 23 26 30 27 18 28 17 29 19 30 31 31 6 32 18 33 14 34 6 35 21 36 2 37 14 38 17 39 23 40 14 41 13 42 23 43 996 44 11 45 24 46 20 47 24 48 8 49 17 50 6 51 2 52 15 53 15 54 20 55 35 56 23 57 20 58 12 59 35 60 10 61 21 62 16 63 21 64 14 65 18 66 27 67 1 68 26 69 26 70 2 71 3 72 5 73 1 74 31 75 6 76 31 77 25 78 14 79 3 80 7 81 21 82 10 83 24 84 33 85 26 86 5 87 15 88 14 89 8 90 9 92 30 93 1 94 19 95 5 96 12 97 8 98 23 99 38
32 0 10 1 9 2 12 3 9 4 24 5 5 6 7 7 22 8 10 9 7 10 1076 11 14 12 15 13 23 14 21 15 30 16 36 17 27 18 23 19 2 20 9 21 2 22 16 23 32 24 29 25 24 26 1 27 14 28 6 29 30 30 20 31 15 33 9 34 7 35 22 36 17 37 13 38 17 39 28 40 18 41 24 42 16 43 9 44 12 45 1 46 1 47 6 48 31 49 22 50 14 51 17 52 18 53 27 54 18 55 18 56 1056 57 15 58 18 59 5 60 10 61 16 62 8 63 8 64 15 65 25 66 19 67 18 68 16 69 30 70 23 71 16 72 17 73 7 74 12 75 21 76 31 77 37 78 10 79 5 80 14 81 6 82 13 83 3 84 14 85 15 86 12 87 21 88 30 89 14 90 21 91 30 92 9 93 5 94 18 95 12 96 4 97 10 98 8 99 49
65 0 11 1 10 2 19 3 17 4 21 5 22 6 8 7 32 8 1 9 20 10 12 11 3 12 11 13 24 14 13 15 32 16 26 17 5 18 25 19 29 20 8 21 26 22 30 23 15 24 34 25 36 26 4 27 19 28 27 29 18 30 19 31 5 32 16 33 13 34 19 35 24 36 21 37 16 38 6 39 16 40 15 41 16 42 4 43 5 44 23 45 15 46 6 47 4 48 10 49 6 50 6 51 6 52 17 53 29 54 20 55 36 56 15 57 17 58 23 59 16 60 10 61 21 62 28 63 8 64 8 66 1057 67 13 68 11 69 5 70 8 71 12 72 21 73 5 74 16 75 6 76 20 77 4 78 13 79 17 80 23 81 17 82 29 83 29 84 10 85 17 86 18 87 37 88 18 89 2 90 7 91 5 92 1 93 15 94 24 95 12 96 981 97 14 98 6 99 11
57 0 14 1 23 2 8 3 18 4 1 5 16 6 1 7 25 8 6 9 10 10 13 11 7 12 14 13 24 14 22 15 5 16 14 17 35 18 6 19 26 20 11 21 4 22 2 23 18 24 13 25 9 26 20 27 9 28 23 29 21 30 25 31 25 32 28 33 12 34 23 35 16 36 14 37 19 38 19 39 19 40 25 41 8 42 18 43 5 44 15 45 34 46 4 47 18 48 1018 49 13 50 25 51 14 52 19 53 1 54 24 55 13 56 24 58 9 59 14 60 27 61 21 62 14 63 21 64 13 65 11 66 17 67 13 68 13 69 9 70 20 71 10 72 1 73 6 74 18 75 16 76 20 77 20 78 1050 79 23 80 7 81 18 82 1 83 6 84 16 85 2 86 19 87 15 88 32 89 26 90 12 91 6 92 1056 93 9 94 19 95 25 96 5 97 1183 98 1 99 15
76 0 1 1 1 2 10 3 20 4 12 5 14 6 15 7 1058 8 26 9 21 10 7 11 11 12 19 13 23 14 4 15 20 16 10 17 22 18 35 19 21 20 37 21 29 22 18 23 22 24 23 25 20 26 7 27 21 28 45 29 8 30 31 31 31 32 9 33 5 34 21 35 26 36 15 37 12 38 21 39 13 40 24 41 10 42 29 43 17 44 10 45 8 46 21 47 19 48 11 49 4 50 25 51 17 52 2 53 25 54 26 55 22 56 6 57 29 58 23 59 11 60 19 61 9 62 14 63 1 64 10 65 4 66 1156 67 28 68 14 69 8 70 11 71 14 72 14 73 23 74 26 75 32 77 5 78 7 79 17 80 5 81 5 82 22 83 2 84 5 85 17 86 7 87 2 88 996 89 10 90 11 91 11 92 14 93 16 94 25 95 3 96 29 97 6 98 27 99 30
94 0 6 1 1 2 11 3 20 4 17 5 26 6 23 7 4 8 8 9 18 10 10 11 2 12 35 13 11 14 15 15 38 16 15 17 24 18 14 19 14 20 13 21 6 22 30 23 16 24 28 25 9 26 13 27 25 28 5 29 21 30 8 31 29 32 23 33 22 34 17 35 9 36 15 37 1 38 17 39 12 40 19 41 21 42 18 43 14 44 19 45 23 46 18 47 6 48 6 49 33 50 19 51 24 52 955 53 10 54 24 55 4 56 22 57 1 58 10 59 8 60 16 61 45 62 14 63 2 64 20 65 3 66 943 67 19 68 2 69 42 70 3 71 4 72 20 73 16 74 27 75 7 76 2 77 19 78 17 79 22 80 26 81 5 82 26 83 31 84 19 85 5 86 27 87 1 88 32 89 14 90 31 91 23 92 887 93 15 95 24 96 22 97 24 98 10 99 25
17 0 19 1 28 2 17 3 15 4 19 5 13 6 16 7 3 8 21 9 22 10 33 11 17 12 6 13 27 14 1 15 27 16 22 18 15 19 10 20 20 21 3 22 5 23 1 24 11 25 7 26 29 27 9 28 9 29 1 30 17 31 30 32 10 33 4 34 19 35 28 36 19 37 893 38 20 39 1 40 1 41 7 42 1 43 5 44 9 45 13 46 3 47 25 48 18 49 11 50 14 51 1009 52 26 53 8 54 32 55 2 56 11 57 32 58 4 59 14 60 11 61 43 62 19 63 6 64 22 65 24 66 26 67 1 68 4 69 18 70 10 71 27 72 8 73 11 74 4 75 1 76 16 77 26 78 26 79 3 80 26 81 9 82 18 83 13 84 7 85 20 86 12 87 12 88 22 89 24 90 27 91 4 92 9 93 16 94 11 95 19 96 16 97 9 98 21 99 12
47 0 11 1 21 2 14 3 15 4 27 5 27 6 15 7 5 8 15 9 27 10 47 11 17 12 3 13 11 14 32 15 8 16 24 17 14 18 1075 19 22 20 12 21 4 22 872 23 1 24 8 25 17 26 20 27 7 28 28 29 24 30 23 31 25 32 19 33 22 34 15 35 14 36 6 37 13 38 21 39 21 40 11 41 27 42 1047 43 20 44 13 45 5 46 25 48 5 49 17 50 7 51 12 52 5 53 1 54 5 55 10 56 19 57 8 58 13 59 29 60 8 61 4 62 20 63 9 64 11 65 11 66 16 67 29 68 19 69 19 70 20 71 2 72 6 73 19 74 16 75 18 76 32 77 6 78 44 79 24 80 19 81 21 82 12 83 19 84 16 85 13 86 13 87 1 88 18 89 19 90 22 91 8 92 19 93 12 94 19 95 40 96 19 97 17 98 11 99 3
13 0 19 1 6 2 21 3 14 4 8 5 27 6 29 7 4 8 11 9 19 10 13 11 3 12 24 14 38 15 17 16 7 17 9 18 1072 19 11 20 19 21 31 22 8 23 14 24 6 25 5 26 21 27 11 28 15 29 8 30 14 31 4 32 24 33 5 34 11 35 10 36 7 37 9 38 1 39 5 40 13 41 5 42 19 43 22 44 16 45 17 46 17 47 24 48 10 49 7 50 16 51 17 52 19 53 2 54 11 55 25 56 27 57 29 58 22 59 20 60 2 61 15 62 29 63 12 64 14 65 15 66 20 67 24 68 28 69 3 70 17 71 9 72 19 73 6 74 1037 75 20 76 13 77 29 78 7 79 9 80 9 81 11 82 18 83 24 84 12 85 1 86 16 87 8 88 10 89 33 90 24 91 8 92 22 93 23 94 2 95 6 96 18 97 15 98 33 99 19
8 0 15 1 17 2 6 3 33 4 25 5 13 6 6 7 34 9 7 10 14 11 20 12 12 13 15 14 9 15 9 16 10 17 18 18 7 19 15 20 8 21 16 22 24 23 19 24 31 25 2 26 9 27 28 28 41 29 20 30 7 31 21 32 12 33 1048 34 5 35 34 36 35 37 20 38 23 39 969 40 28 41 10 42 14 43 4 44 9 45 26 46 12 47 12 48 28 49 1 50 4 51 19 52 13 53 19 54 28 55 29 56 899 57 27 58 28 59 5 60 9 61 25 62 34 63 14 64 13 65 6 66 2 67 14 68 17 69 8 70 22 71 30 72 29 73 22 74 19 75 24 76 22 77 8 78 10 79 23 80 18 81 25 82 20 83 6 84 9 85 973 86 7 87 22 88 1081 89 8 90 5 91 12 92 14 93 1188 94 27 95 25 96 27 97 15 98 4 99 34
54 0 1 1 14 2 15 3 1 4 4 5 10 6 35 7 21 8 15 9 3 10 2 11 34 12 15 13 869 14 1 15 20 16 37 17 23 18 23 19 23 20 12 21 7 22 21 23 26 24 22 25 36 26 17 27 33 28 15 29 30 30 10 31 13 32 19 33 11 34 22 35 12 36 939 37 28 38 3 39 27 40 30 41 13 42 10 43 12 44 3 45 18 46 29 47 7 48 27 49 27 50 13 51 20 52 13 53 14 55 18 56 31 57 11 58 25 59 15 60 8 61 14 62 18 63 11 64 27 65 16 66 2 67 9 68 23 69 7 70 8 71 9 72 16 73 22 74 17 75 19 76 13 77 13 78 1 79 8 80 12 81 10 82 18 83 13 84 21 85 15 86 5 87 16 88 8 89 11 90 10 91 28 92 21 93 1 94 18 95 22 96 8 97 29 98 10 99 21
67 0 8 1 19 2 18 3 25 4 10 5 22 6 25 7 10 8 15 9 27 10 11 11 22 12 1 13 20 14 2 15 9 16 14 17 4 18 17 19 14 20 6 21 26 22 11 23 18 24 5 25 25 26 9 27 30 28 13 29 17 30 6 31 5 32 15 33 11 34 23 35 13 36 11 37 35 38 1029 39 13 40 7 41 15 42 4 43 4 44 4 45 1118 46 1047 47 4 48 14 49 8 50 10 51 18 52 20 53 10 54 15 55 7 56 17 57 2 58 28 59 5 60 1 61 996 62 2 63 22 64 23 65 9 66 13 68 1 69 20 70 17 71 3 72 22 73 30 74 21 75 7 76 18 77 15 78 9 79 1053 80 11 81 22 82 21 83 30 84 11 85 3 86 9 87 21 88 11 89 24 90 7 91 24 92 16 93 1 94 8 95 5 96 987 97 18 98 17 99 25
60 0 19 1 8 2 7 3 9 4 10 5 13 6 18 7 17 8 7 9 16 10 12 11 4 12 12 13 17 14 21 15 4 16 5 17 7 18 16 19 12 20 24 21 15 22 17 23 8 24 13 25 9 26 14 27 20 28 3 29 11 30 13 31 13 32 2 33 9 34 19 35 10 36 18 37 14 38 7 39 1 40 10 41 27 42 18 43 7 44 26 45 12 46 10 47 22 48 17 49 3 50 15 51 12 52 20 53 21 54 20 55 33 56 8 57 48 58 10 59 36 61 26 62 8 63 14 64 932 65 25 66 14 67 10 68 23 69 9 70 19 71 27 72 23 73 15 74 31 75 23 76 14 77 19 78 25 79 15 80 10 81 15 82 29 83 28 84 14 85 4 86 15 87 17 88 17 89 3 90 11 91 25 92 21 93 10 94 7 95 8 96 22 97 11 98 13 99 24
27 0 6 1 26 2 7 3 31 4 25 5 5 6 13 7 23 8 22 9 11 10 12 11 9 12 20 13 10 14 14 15 30 16 29 17 14 18 15 19 11 20 10 21 15 22 20 23 15 24 17 25 14 26 9 28 13 29 9 30 21 31 22 32 7 33 33 34 11 35 6 36 8 37 44 38 21 39 1082 40 34 41 23 42 21 43 5 44 7 45 22 46 1 47 977 48 39 49 30 50 13 51 12 52 1074 53 4 54 19 55 28 56 24 57 5 58 18 59 18 60 15 61 14 62 19 63 31 64 6 65 11 66 14 67 14 68 7 69 24 70 16 71 22 72 30 73 21 74 30 75 3 76 18 77 12 78 3 79 14 80 22 81 11 82 3 83 15 84 12 85 1 86 26 87 22 88 28 89 1058 90 19 91 6 92 22 93 10 94 17 95 24 96 7 97 22 98 21 99 4
35 0 11 1 12 2 5 3 37 4 23 5 1 6 8 7 23 8 8 9 24 10 1 11 11 12 21 13 11 14 20 15 10 16 27 17 935 18 23 19 26 20 14 21 28 22 9 23 9 24 24 25 1 26 21 27 20 28 17 29 18 30 24 31 5 32 9 33 3 34 2 36 18 37 8 38 25 39 16 40 33 41 16 42 8 43 10 44 18 45 20 46 7 47 26 48 11 49 1 50 11 51 18 52 20 53 35 54 21 55 15 56 1 57 9 58 3 59 6 60 20 61 15 62 22 63 21 64 17 65 15 66 22 67 11 68 28 69 8 70 13 71 12 72 16 73 12 74 14 75 5 76 20 77 5 78 18 79 7 80 10 81 29 82 18 83 10 84 23 85 24 86 24 87 9 88 9 89 30 90 27 91 914 92 22 93 9 94 32 95 26 96 5 97 3 98 19 99 18
99 0 23 1 21 2 14 3 6 4 5 5 16 6 12 7 17 8 10 9 18 10 22 11 3 12 12 13 13 14 16 15 20 16 28 17 3 18 30 19 15 20 23 21 14 22 7 23 14 24 7 25 27 26 28 27 1 28 19 29 4 30 13 31 10 32 8 33 1087 34 22 35 11 36 21 37 21 38 1 39 1087 40 7 41 1 42 3 43 8 44 993 45 12 46 7 47 22 48 22 49 2 50 13 51 22 52 10 53 27 54 2 55 11 56 4 57 4 58 17 59 14 60 7 61 15 62 16 63 12 64 6 65 41 66 38 67 16 68 20 69 16 70 26 71 21 72 32 73 6 74 14 75 21 76 9 77 16 78 16 79 4 80 13 81 22 82 20 83 1123 84 18 85 3 86 35 87 7 88 16 89 9 90 12 91 11 92 7 93 17 94 22 95 6 96 13 97 12 98 33
56 0 11 1 24 2 6 3 17 4 21 5 7 6 37 7 18 8 26 9 24 10 20 11 13 12 3 13 15 14 1 15 1 16 31 17 21 18 20 19 2 20 24 21 27 22 1 23 8 24 12 25 9 26 7 27 15 28 7 29 14 30 15 31 24 32 973 33 6 34 23 35 34 36 23 37 4 38 24 39 26 40 8 41 4 42 28 43 9 44 19 45 25 46 15 47 9 48 12 49 21 50 2 51 11 52 11 53 18 54 5 55 15 57 16 58 15 59 22 60 14 61 30 62 12 63 23 64 5 65 36 66 18 67 12 68 20 69 2 70 11 71 20 72 26 73 17 74 45 75 13 76 4 77 19 78 3 79 13 80 23 81 12 82 12 83 25 84 13 85 25 86 10 87 10 88 28 89 8 90 21 91 22 92 24 93 811 94 7 95 12 96 17 97 14 98 12 99 22
49 0 29 1 12 2 15 3 35 4 993 5 17 6 21 7 36 8 9 9 22 10 20 11 1 12 1 13 19 14 8 15 4 16 10 17 19 18 20 19 1 20 37 21 11 22 27 23 12 24 19 25 17 26 16 27 11 28 18 29 15 30 10 31 27 32 1 33 30 34 1 35 4 36 12 37 14 38 1 39 7 40 21 41 21 42 13 43 13 44 6 45 4 46 7 47 31 48 22 50 20 51 10 52 10 53 10 54 15 55 1 56 7 57 11 58 2 59 27 60 12 61 5 62 16 63 8 64 25 65 5 66 21 67 21 68 5 69 1078 70 24 71 9 72 1 73 30 74 16 75 14 76 19 77 31 78 11 79 4 80 15 81 28 82 18 83 23 84 14 85 25 86 7 87 25 88 9 89 2 90 10 91 5 92 27 93 47 94 1 95 7 96 978 97 17 98 29 99 3
66 0 36 1 18 2 1 3 22 4 12 5 25 6 20 7 15 8 28 9 10 10 8 11 40 12 9 13 21 14 4 15 10 16 33 17 24 18 916 19 19 20 10 21 29 22 1 23 1 24 12 25 13 26 33 27 20 28 22 29 35 30 8 31 14 32 20 33 5 34 28 35 19 36 11 37 20 38 2 39 15 40 9 41 15 42 16 43 939 44 7 45 11 46 14 47 13 48 18 49 13 50 27 51 9 52 4 53 23 54 12 55 3 56 6 57 13 58 2 59 28 60 2 61 6 62 42 63 1 64 32 65 7 67 24 68 16 69 18 70 9 71 14 72 25 73 4 74 14 75 35 76 1 77 7 78 7 79 12 80 13 81 30 82 11 83 23 84 4 85 15 86 13 87 20 88 9 89 2 90 14 91 21 92 14 93 28 94 11 95 13 96 9 97 20 98 4 99 22
85 0 8 1 15 2 26 3 6 4 31 5 13 6 9 7 14 8 6 9 19 10 9 11 10 12 10 13 3 14 7 15 24 16 28 17 18 18 25 19 17 20 23 21 2 22 916 23 7 24 27 25 18 26 16 27 15 28 21 29 27 30 11 31 17 32 6 33 32 34 11 35 3 36 23 37 1 38 9 39 6 40 23 41 34 42 27 43 11 44 14 45 10 46 19 47 10 48 22 49 13 50 16 51 1 52 15 53 12 54 21 55 14 56 18 57 2 58 31 59 16 60 30 61 20 62 4 63 5 64 959 65 8 66 1043 67 29 68 5 69 11 70 23 71 12 72 32 73 8 74 6 75 21 76 2 77 19 78 13 79 1033 80 13 81 11 82 23 83 7 84 24 86 29 87 3 88 20 89 8 90 41 91 20 92 4 93 9 94 11 95 15 96 20 97 20 98 20 99 19
48 0 974 1 4 2 7 3 6 4 9 5 3 6 7 7 17 8 22 9 6 10 3 11 3 12 879 13 22 14 7 15 14 16 16 17 9 18 12 19 11 20 25 21 15 22 7 23 1 24 16 25 2 26 20 27 4 28 21 29 1 30 9 31 27 32 25 33 24 34 21 35 10 36 25 37 8 38 6 39 13 40 18 41 34 42 13 43 7 44 5 45 1 46 12 47 10 49 9 50 20 51 37 52 8 53 3 54 34 55 886 56 12 57 18 58 16 59 5 60 14 61 11 62 4 63 10 64 26 65 14 66 35 67 33 68 27 69 9 70 25 71 13 72 10 73 11 74 13 75 24 76 3 77 13 78 26 79 13 80 17 81 8 82 9 83 16 84 20 85 38 86 1 87 18 88 14 89 7 90 18 91 7 92 23 93 14 94 21 95 24 96 7 97 22 98 11 99 11
25 0 9 1 25 2 31 3 28 4 9 5 12 6 7 7 27 8 20 9 16 10 4 11 10 12 7 13 10 14 8 15 8 16 20 17 19 18 20 19 14 20 20 21 29 22 39 23 1 24 1 26 12 27 9 28 22 29 22 30 10 31 22 32 9 33 17 34 1 35 18 36 1 37 4 38 37 39 11 40 18 41 17 42 9 43 25 44 10 45 3 46 24 47 17 48 4 49 10 50 13 51 3 52 24 53 14 54 10 55 5 56 22 57 12 58 27 59 6 60 29 61 1 62 17 63 11 64 15 65 25 66 33 67 30 68 29 69 7 70 21 71 4 72 26 73 17 74 16 75 18 76 11 77 1 78 15 79 17 80 17 81 1025 82 15 83 14 84 33 85 17 86 28 87 2 88 19 89 23 90 10 91 27 92 18 93 23 94 7 95 10 96 34 97 3 98 10 99 13
21 0 5 1 24 2 9 3 17 4 14 5 10 6 11 7 5 8 7 9 23 10 17 11 12 12 13 13 8 14 1065 15 7 16 12 17 7 18 14 19 14 20 21 22 1 23 19 24 5 25 16 26 23 27 25 28 6 29 21 30 11 31 19 32 18 33 22 34 15 35 15 36 23 37 1 38 5 39 27 40 11 41 16 42 31 43 6 44 13 45 18 46 20 47 9 48 13 49 5 50 27 51 23 52 25 53 8 54 17 55 22 56 11 57 19 58 10 59 21 60 16 61 12 62 1 63 9 64 19 65 6 66 1 67 21 68 19 69 12 70 12 71 30 72 7 73 1 74 13 75 25 76 14 77 1 78 8 79 15 80 19 81 13 82 21 83 14 84 34 85 5 86 1 87 28 88 1037 89 13 90 8 91 20 92 712 93 20 94 18 95 22 96 15 97 14 98 15 99 9
42 0 17 1 28 2 19 3 17 4 756 5 21 6 4 7 16 8 1 9 10 10 1 11 7 12 38 13 17 14 21 15 12 16 24 17 13 18 7 19 826 20 4 21 29 22 25 23 13 24 4 25 19 26 18 27 27 28 11 29 20 30 22 31 23 32 19 33 5 34 13 35 33 36 9 37 23 38 19 39 48 40 38 41 31 43 16 44 6 45 24 46 29 47 14 48 17 49 7 50 17 51 1039 52 14 53 1233 54 24 55 14 56 6 57 2 58 8 59 19 60 21 61 10 62 10 63 21 64 27 65 15 66 25 67 10 68 9 69 24 70 38 71 24 72 1 73 5 74 22 75 1143 76 11 77 1 78 17 79 9 80 20 81 10 82 37 83 24 84 21 85 29 86 22 87 6 88 1 89 16 90 13 91 28 92 20 93 7 94 17 95 26 96 22 97 7 98 5 99 8
81 0 11 1 14 2 16 3 5 4 18 5 20 6 22 7 18 8 24 9 17 10 21 11 14 12 10 13 21 14 37 15 8 16 28 17 973 18 12 19 12 20 6 21 14 22 19 23 4 24 14 25 5 26 1 27 20 28 2 29 11 30 22 31 14 32 23 33 1 34 14 35 11 36 21 37 11 38 21 39 8 40 2 41 26 42 8 43 25 44 981 45 7 46 934 47 30 48 10 49 21 50 12 51 13 52 27 53 10 54 29 55 951 56 2 57 12 58 7 59 28 60 19 61 3 62 28 63 1 64 25 65 17 66 10 67 12 68 18 69 26 70 11 71 23 72 11 73 15 74 16 75 23 76 13 77 19 78 21 79 18 80 23 82 7 83 19 84 23 85 1 86 15 87 4 88 12 89 14 90 7 91 3 92 4 93 10 94 9 95 22 96 24 97 5 98 24 99 1
15 0 4 1 20 2 8 3 9 4 26 5 23 6 23 7 13 8 7 9 23 10 20 11 16 12 24 13 11 14 16 16 7 17 21 18 15 19 1021 20 30 21 7 22 24 23 28 24 19 25 6 26 10 27 13 28 19 29 5 30 4 31 19 32 17 33 14 34 12 35 16 36 20 37 13 38 13 39 6 40 16 41 11 42 25 43 903 44 7 45 5 46 11 47 7 48 3 49 12 50 5 51 13 52 7 53 28 54 11 55 10 56 19 57 27 58 22 59 5 60 17 61 5 62 14 63 22 64 16 65 16 66 15 67 1 68 23 69 9 70 12 71 13 72 18 73 18 74 19 75 13 76 4 77 21 78 7 79 793 80 18 81 29 82 15 83 18 84 14 85 18 86 29 87 24 88 24 89 27 90 22 91 10 92 13 93 20 94 18 95 1 96 9 97 1 98 5 99 12
36 0 16 1 14 2 15 3 12 4 2 5 36 6 15 7 20 8 5 9 10 10 19 11 19 12 27 13 15 14 19 15 19 16 8 17 19 18 6 19 24 20 10 21 4 22 27 23 3 24 11 25 10 26 18 27 9 28 17 29 25 30 26 31 15 32 18 33 14 34 27 35 17 37 9 38 22 39 22 40 5 41 2 42 7 43 965 44 13 45 29 46 4 47 19 48 9 49 32 50 15 51 6 52 46 53 4 54 17 55 17 56 24 57 29 58 13 59 8 60 10 61 16 62 8 63 20 64 13 65 12 66 34 67 34 68 23 69 14 70 22 71 2 72 23 73 2 74 34 75 25 76 15 77 10 78 43 79 12 80 12 81 933 82 5 83 8 84 28 85 18 86 7 87 31 88 22 89 32 90 1 91 21 92 17 93 1 94 24 95 21 96 17 97 11 98 6 99 5
5 0 2 1 22 2 11 3 21 4 12 6 18 7 17 8 7 9 6 10 16 11 28 12 8 13 1 14 12 15 9 16 27 17 28 18 7 19 18 20 11 21 22 22 22 23 8 24 1 25 1 26 2 27 8 28 5 29 8 30 10 31 12 32 12 33 10 34 26 35 9 36 3 37 5 38 4 39 15 40 1022 41 1 42 26 43 23 44 15 45 30 46 10 47 10 48 911 49 10 50 12 51 6 52 3 53 21 54 18 55 9 56 28 57 24 58 17 59 13 60 3 61 22 62 11 63 15 64 26 65 24 66 1 67 18 68 21 69 19 70 18 71 18 72 10 73 20 74 23 75 20 76 15 77 38 78 3 79 5 80 12 81 28 82 2 83 19 84 17 85 19 86 18 87 29 88 24 89 12 90 11 91 13 92 20 93 14 94 23 95 13 96 860 97 33 98 16 99 14
39 0 33 1 12 2 2 3 21 4 6 5 14 6 19 7 9 8 30 9 18 10 41 11 19 12 15 13 18 14 1 15 11 16 4 17 6 18 16 19 14 20 15 21 21 22 15 23 21 24 5 25 11 26 10 27 8 28 11 29 32 30 13 31 11 32 19 33 10 34 1 35 12 36 14 37 15 38 1 40 10 41 7 42 31 43 14 44 23 45 18 46 11 47 23 48 814 49 16 50 10 51 28 52 9 53 29 54 36 55 25 56 22 57 13 58 21 59 14 60 14 61 20 62 34 63 1 64 20 65 18 66 18 67 7 68 15 69 1 70 10 71 20 72 7 73 5 74 21 75 12 76 28 77 28 78 8 79 2 80 1 81 20 82 6 83 13 84 25 85 5 86 28 87 18 88 14 89 25 90 2 91 16 92 9 93 22 94 18 95 15 96 31 97 11 98 11 99 2
1 0 14 2 13 3 32 4 19 5 24 6 21 7 6 8 1 9 32 10 17 11 12 12 13 13 18 14 21 15 14 16 11 17 10 18 26 19 20 20 13 21 12 22 19 23 31 24 12 25 16 26 946 27 17 28 28 29 9 30 2 31 26 32 12 33 15 34 9 35 19 36 2 37 5 38 3 39 3 40 14 41 16 42 17 43 19 44 19 45 35 46 25 47 11 48 9 49 21 50 14 51 15 52 11 53 23 54 12 55 20 56 6 57 4 58 7 59 5 60 15 61 12 62 4 63 13 64 2 65 11 66 5 67 12 68 13 69 3 70 13 71 11 72 28 73 4 74 38 75 13 76 21 77 895 78 22 79 14 80 8 81 22 82 11 83 16 84 27 85 22 86 5 87 18 88 24 89 11 90 23 91 22 92 18 93 16 94 6 95 32 96 10 97 21 98 6 99 23
2 0 13 1 11 3 13 4 10 5 1197 6 20 7 8 8 25 9 22 10 6 11 1 12 27 13 1 14 21 15 25 16 14 17 2 18 876 19 19 20 8 21 1 22 11 23 21 24 18 25 19 26 4 27 25 28 27 29 4 30 25 31 16 32 23 33 9 34 9 35 13 36 911 37 9 38 7 39 19 40 15 41 21 42 22 43 21 44 24 45 4 46 11 47 9 48 19 49 19 50 3 51 7 52 10 53 18 54 11 55 35 56 904 57 16 58 16 59 13 60 7 61 29 62 15 63 17 64 4 65 22 66 12 67 15 68 22 69 16 70 7 71 20 72 5 73 11 74 15 75 24 76 1 77 19 78 17 79 8 80 20 81 8 82 28 83 17 84 4 85 13 86 15 87 11 88 6 89 14 90 5 91 15 92 21 93 23 94 24 95 5 96 1025 97 17 98 20 99 21
59 0 33 1 17 2 6 3 21 4 9 5 35 6 21 7 7 8 9 9 14 10 13 11 13 12 12 13 15 14 7 15 4 16 1 17 7 18 3 19 6 20 12 21 20 22 5 23 28 24 29 25 10 26 12 27 2 28 20 29 22 30 7 31 27 32 1 33 6 34 8 35 5 36 864 37 19 38 33 39 11 40 1 41 8 42 1 43 11 44 7 45 37 46 8 47 8 48 8 49 17 50 29 51 1022 52 15 53 2 54 1 55 4 56 21 57 27 58 30 60 10 61 11 62 20 63 28 64 16 65 19 66 25 67 5 68 1 69 18 70 19 71 29 72 13 73 37 74 1041 75 10 76 6 77 28 78 12 79 7 80 17 81 21 82 24 83 1096 84 32 85 3 86 10 87 20 88 20 89 30 90 32 91 24 92 1061 93 14 94 12 95 10 96 9 97 3 98 38 99 7
6 0 8 1 26 2 11 3 19 4 36 5 18 7 16 8 9 9 8 10 22 11 14 12 8 13 11 14 7 15 1 16 20 17 20 18 16 19 14 20 15 21 31 22 11 23 18 24 20 25 3 26 16 27 26 28 21 29 22 30 1 31 4 32 20 33 12 34 27 35 7 36 16 37 22 38 20 39 32 40 13 41 6 42 19 43 26 44 16 45 1 46 5 47 10 48 18 49 6 50 30 51 15 52 14 53 14 54 5 55 17 56 19 57 6 58 9 59 27 60 1 61 7 62 15 63 4 64 16 65 17 66 3 67 25 68 19 69 17 70 20 71 17 72 14 73 19 74 12 75 2 76 14 77 17 78 32 79 13 80 11 81 22 82 12 83 5 84 43 85 20 86 10 87 11 88 22 89 23 90 7 91 22 92 30 93 9 94 23 95 18 96 22 97 20 98 9 99 11
62 0 20 1 26 2 33 3 38 4 12 5 1 6 29 7 32 8 11 9 13 10 13 11 17 12 4 13 26 14 20 15 31 16 13 17 26 18 3 19 3 20 12 21 12 22 23 23 20 24 967 25 4 26 32 27 4 28 17 29 12 30 8 31 18 32 16 33 19 34 13 35 3 36 12 37 17 38 13 39 6 40 21 41 20 42 3 43 1101 44 1052 45 14 46 21 47 11 48 20 49 14 50 11 51 9 52 12 53 1 54 5 55 1 56 10 57 12 58 16 59 4 60 10 61 8 63 12 64 19 65 3 66 27 67 15 68 1 69 29 70 7 71 10 72 1 73 10 74 1 75 20 76 10 77 7 78 26 79 24 80 23 81 15 82 22 83 2 84 8 85 7 86 10 87 17 88 1037 89 16 90 2 91 25 92 34 93 19 94 15 95 6 96 16 97 4 98 1106 99 10
77 0 4 1 4 2 27 3 26 4 10 5 1 6 3 7 17 8 11 9 12 10 22 11 973 12 26 13 5 14 24 15 16 16 22 17 20 18 14 19 7 20 15 21 18 22 17 23 3 24 17 25 13 26 20 27 1094 28 25 29 11 30 6 31 4 32 1 33 25 34 9 35 9 36 21 37 1 38 17 39 1 40 8 41 31 42 20 43 35 44 1 45 24 46 8 47 11 48 31 49 10 50 13 51 18 52 8 53 19 54 7 55 10 56 8 57 19 58 5 59 26 60 15 61 12 62 4 63 17 64 16 65 10 66 3 67 21 68 20 69 8 70 13 71 5 72 32 73 16 74 7 75 13 76 6 78 18 79 29 80 15 81 42 82 1 83 15 84 2 85 2 86 2 87 15 88 31 89 29 90 5 91 21 92 10 93 13 94 26 95 18 96 29 97 9 98 21 99 1
92 0 13 1 11 2 10 3 23 4 23 5 14 6 13 7 1 8 32 9 34 10 9 11 20 12 21 13 17 14 18 15 8 16 36 17 30 18 26 19 2 20 8 21 29 22 13 23 32 24 7 25 5 26 20 27 20 28 1 29 33 30 18 31 5 32 10 33 18 34 20 35 15 36 18 37 19 38 42 39 17 40 21 41 40 42 1118 43 34 44 3 45 14 46 1 47 1 48 1 49 14 50 23 51 12 52 1 53 9 54 13 55 6 56 22 57 20 58 19 59 1 60 5 61 11 62 23 63 31 64 1 65 24 66 17 67 18 68 29 69 37 70 10 71 9 72 27 73 15 74 6 75 20 76 14 77 5 78 17 79 2 80 11 81 9 82 21 83 27 84 16 85 32 86 22 87 10 88 28 89 12 90 14 91 12 93 2 94 19 95 20 96 1 97 10 98 17 99 28
14 0 11 1 4 2 15 3 18 4 9 5 18 6 5 7 8 8 12 9 6 10 13 11 9 12 23 13 6 15 20 16 19 17 20 18 10 19 15 20 10 21 5 22 21 23 13 24 16 25 19 26 14 27 4 28 17 29 17 30 8 31 7 32 12 33 12 34 4 35 28 36 17 37 10 38 20 39 15 40 1 41 1 42 23 43 15 44 22 45 9 46 13 47 13 48 25 49 5 50 32 51 15 52 16 53 21 54 884 55 22 56 16 57 9 58 4 59 17 60 6 61 6 62 26 63 23 64 21 65 19 66 913 67 20 68 26 69 5 70 13 71 31 72 6 73 24 74 20 75 31 76 14 77 15 78 4 79 23 80 21 81 19 82 11 83 36 84 26 85 21 86 27 87 18 88 10 89 8 90 2 91 24 92 14 93 21 94 13 95 10 96 25 97 36 98 23 99 33
4 0 3 1 10 2 15 3 19 5 14 6 11 7 13 8 21 9 14 10 10 11 2 12 20 13 10 14 12 15 20 16 4 17 23 18 30 19 2 20 22 21 9 22 11 23 14 24 1 25 985 26 23 27 12 28 23 29 11 30 11 31 17 32 30 33 19 34 5 35 19 36 13 37 19 38 28 39 16 40 20 41 19 42 11 43 7 44 23 45 23 46 20 47 16 48 6 49 29 50 13 51 28 52 13 53 10 54 16 55 9 56 22 57 24 58 18 59 1 60 22 61 4 62 5 63 18 64 12 65 34 66 7 67 22 68 9 69 20 70 18 71 8 72 9 73 15 74 34 75 19 76 15 77 22 78 14 79 25 80 25 81 15 82 8 83 12 84 13 85 27 86 12 87 4 88 15 89 16 90 8 91 23 92 16 93 17 94 6 95 6 96 13 97 4 98 11 99 29
90 0 17 1 2 2 22 3 11 4 1 5 22 6 15 7 21 8 29 9 1025 10 3 11 11 12 16 13 23 14 4 15 23 16 8 17 25 18 10 19 18 20 23 21 23 22 2 23 12 24 3 25 9 26 1 27 1 28 19 29 16 30 20 31 20 32 11 33 17 34 3 35 13 36 15 37 20 38 7 39 23 40 7 41 11 42 17 43 9 44 23 45 30 46 12 47 1194 48 18 49 16 50 15 51 8 52 14 53 8 54 11 55 20 56 26 57 32 58 25 59 8 60 21 61 1 62 20 63 11 64 24 65 25 66 29 67 24 68 24 69 31 70 2 71 4 72 20 73 17 74 14 75 8 76 18 77 7 78 31 79 22 80 11 81 21 82 4 83 8 84 12 85 11 86 29 87 18 88 15 89 14 91 11 92 8 93 21 94 37 95 20 96 12 97 21 98 21 99 16
87 0 2 1 18 2 8 3 7 4 17 5 15 6 1 7 21 8 15 9 26 10 14 11 20 12 26 13 28 14 18 15 44 16 21 17 6 18 35 19 16 20 18 21 24 22 11 23 15 24 11 25 18 26 19 27 13 28 23 29 19 30 13 31 34 32 8 33 24 34 8 35 8 36 13 37 31 38 14 39 20 40 8 41 6 42 34 43 10 44 11 45 5 46 21 47 1 48 20 49 21 50 8 51 10 52 5 53 4 54 19 55 12 56 23 57 15 58 11 59 9 60 11 61 7 62 15 63 19 64 22 65 8 66 20 67 1 68 3 69 17 70 12 71 5 72 4 73 7 74 25 75 28 76 11 77 23 78 42 79 33 80 6 81 15 82 18 83 14 84 11 85 21 86 22 88 10 89 11 90 19 91 22 92 2 93 1 94 15 95 13 96 1025 97 24 98 9 99 33
93 0 1 1 7 2 6 3 18 4 18 5 16 6 3 7 16 8 14 9 24 10 1 11 11 12 30 13 5 14 914 15 11 16 1 17 16 18 28 19 3 20 15 21 9 22 10 23 1 24 15 25 13 26 12 27 6 28 32 29 31 30 19 31 13 32 9 33 11 34 14 35 13 36 8 37 1 38 14 39 1 40 24 41 4 42 21 43 8 44 6 45 1 46 16 47 23 48 16 49 25 50 20 51 16 52 13 53 13 54 18 55 13 56 12 57 17 58 15 59 13 60 36 61 18 62 28 63 17 64 16 65 17 66 30 67 9 68 3 69 4 70 1021 71 2 72 8 73 10 74 21 75 6 76 5 77 7 78 12 79 13 80 33 81 7 82 31 83 9 84 28 85 12 86 35 87 1 88 14 89 15 90 2 91 11 92 11 94 18 95 25 96 23 97 19 98 4 99 16
83 0 4 1 20 2 28 3 14 4 21 5 14 6 13 7 18 8 20 9 6 10 12 11 16 12 9 13 28 14 14 15 11 16 14 17 16 18 1124 19 17 20 937 21 7 22 7 23 7 24 8 25 28 26 30 27 21 28 24 29 32 30 8 31 14 32 29 33 31 34 7 35 12 36 22 37 10 38 28 39 17 40 27 41 18 42 12 43 4 44 9 45 5 46 959 47 6 48 18 49 38 50 9 51 15 52 16 53 4 54 9 55 31 56 1 57 20 58 4 59 28 60 16 61 28 62 8 63 19 64 7 65 16 66 20 67 15 68 27 69 32 70 20 71 8 72 23 73 6 74 15 75 4 76 20 77 26 78 12 79 15 80 2 81 18 82 15 84 14 85 1 86 15 87 13 88 20 89 6 90 26 91 29 92 28 93 18 94 5 95 2 96 8 97 10 98 5 99 19
18 0 1056 1 22 2 13 3 24 4 17 5 11 6 13 7 13 8 24 9 23 10 14 11 1 12 12 13 1 14 23 15 21 16 5 17 30 19 6 20 18 21 31 22 25 23 10 24 10 25 7 26 20 27 12 28 32 29 14 30 1 31 18 32 26 33 10 34 11 35 26 36 12 37 21 38 7 39 23 40 5 41 9 42 22 43 21 44 2 45 1 46 1032 47 31 48 16 49 9 50 12 51 45 52 3 53 13 54 24 55 11 56 27 57 24 58 8 59 5 60 6 61 5 62 1131 63 16 64 35 65 14 66 27 67 14 68 11 69 4 70 21 71 16 72 32 73 8 74 17 75 19 76 6 77 15 78 25 79 21 80 17 81 20 82 918 83 3 84 9 85 8 86 8 87 20 88 933 89 24 90 5 91 16 92 9 93 18 94 21 95 13 96 15 97 18 98 30 99 6
45 0 19 1 12 2 31 3 33 4 9 5 28 6 23 7 1010 8 12 9 30 10 20 11 7 12 30 13 20 14 5 15 13 16 28 17 9 18 4 19 16 20 17 21 13 22 26 23 22 24 21 25 9 26 16 27 1 28 19 29 33 30 42 31 8 32 6 33 19 34 20 35 22 36 29 37 25 38 20 39 13 40 29 41 29 42 5 43 983 44 14 46 25 47 12 48 26 49 21 50 18 51 26 52 24 53 5 54 14 55 12 56 18 57 21 58 2 59 11 60 15 61 12 62 11 63 20 64 1149 65 21 66 26 67 1 68 5 69 18 70 21 71 20 72 33 73 18 74 1 75 17 76 29 77 23 78 1 79 10 80 1226 81 5 82 10 83 21 84 14 85 6 86 19 87 3 88 2 89 10 90 32 91 22 92 5 93 16 94 7 95 27 96 35 97 23 98 1 99 4
28 0 42 1 12 2 13 3 22 4 14 5 11 6 7 7 3 8 17 9 12 10 8 11 10 12 14 13 1 14 18 15 4 16 3 17 4 18 14 19 11 20 5 21 28 22 11 23 15 24 22 25 23 26 2 27 13 29 9 30 33 31 26 32 7 33 15 34 29 35 11 36 12 37 3 38 17 39 1 40 5 41 1013 42 22 43 8 44 8 45 19 46 33 47 37 48 17 49 24 50 8 51 20 52 10 53 7 54 7 55 28 56 20 57 8 58 32 59 19 60 8 61 16 62 29 63 25 64 9 65 23 66 4 67 13 68 4 69 18 70 16 71 21 72 8 73 9 74 26 75 14 76 1 77 34 78 2 79 14 80 11 81 18 82 7 83 24 84 18 85 5 86 28 87 17 88 17 89 27 90 13 91 22 92 9 93 15 94 1004 95 2 96 22 97 2 98 12 99 9
74 0 27 1 16 2 9 3 21 4 5 5 6 6 9 7 32 8 19 9 6 10 13 11 26 12 17 13 6 14 7 15 15 16 8 17 5 18 26 19 17 20 9 21 15 22 10 23 11 24 34 25 1 26 18 27 12 28 14 29 1 30 2 31 26 32 11 33 2 34 16 35 8 36 3 37 24 38 22 39 4 40 10 41 7 42 24 43 35 44 25 45 2 46 11 47 17 48 8 49 18 50 20 51 19 52 21 53 8 54 10 55 10 56 20 57 17 58 19 59 17 60 15 61 17 62 39 63 14 64 7 65 11 66 12 67 1 68 9 69 20 70 15 71 6 72 29 73 16 75 1 76 27 77 10 78 11 79 16 80 27 81 1015 82 11 83 25 84 3 85 15 86 1 87 9 88 31 89 20 90 20 91 27 92 13 93 23 94 11 95 5 96 898 97 2 98 3 99 941
23 0 8 1 3 2 17 3 16 4 33 5 18 6 19 7 2 8 5 9 5 10 8 11 11 12 26 13 832 14 29 15 6 16 24 17 19 18 21 19 13 20 17 21 4 22 25 24 25 25 16 26 3 27 27 28 8 29 18 30 2 31 11 32 16 33 18 34 26 35 1112 36 19 37 3 38 16 39 10 40 18 41 13 42 17 43 13 44 27 45 18 46 20 47 939 48 14 49 2 50 7 51 22 52 13 53 14 54 19 55 24 56 5 57 5 58 28 59 2 60 29 61 21 62 14 63 1 64 36 65 17 66 25 67 8 68 22 69 16 70 8 71 7 72 22 73 25 74 23 75 20 76 32 77 30 78 9 79 37 80 4 81 16 82 8 83 19 84 10 85 26 86 16 87 20 88 17 89 10 90 28 91 1 92 10 93 1 94 29 95 9 96 12 97 19 98 25 99 16
26 0 8 1 19 2 18 3 26 4 2 5 19 6 14 7 12 8 14 9 41 10 22 11 17 12 13 13 6 14 7 15 16 16 25 17 24 18 35 19 1120 20 30 21 3 22 14 23 7 24 19 25 17 27 17 28 32 29 18 30 38 31 26 32 14 33 9 34 15 35 13 36 15 37 2 38 30 39 6 40 5 41 34 42 16 43 14 44 22 45 5 46 11 47 31 48 4 49 20 50 7 51 17 52 8 53 9 54 30 55 36 56 19 57 31 58 15 59 28 60 51 61 2 62 7 63 14 64 13 65 17 66 17 67 5 68 23 69 13 70 24 71 18 72 17 73 12 74 21 75 6 76 22 77 10 78 1 79 8 80 847 81 19 82 10 83 20 84 4 85 24 86 2 87 21 88 19 89 16 90 1 91 21 92 35 93 6 94 6 95 8 96 27 97 10 98 14 99 29
71 0 32 1 12 2 17 3 24 4 8 5 13 6 5 7 6 8 13 9 13 10 27 11 19 12 14 13 20 14 13 15 22 16 16 17 13 18 34 19 16 20 4 21 10 22 17 23 18 24 5 25 16 26 8 27 41 28 20 29 13 30 7 31 23 32 6 33 13 34 10 35 8 36 14 37 26 38 12 39 2 40 17 41 20 42 7 43 18 44 24 45 23 46 11 47 10 48 19 49 28 50 20 51 21 52 12 53 9 54 2 55 22 56 17 57 22 58 7 59 12 60 16 61 13 62 25 63 21 64 25 65 18 66 5 67 3 68 7 69 9 70 15 72 12 73 21 74 14 75 29 76 20 77 29 78 3 79 7 80 14 81 24 82 4 83 9 84 13 85 19 86 21 87 18 88 19 89 17 90 15 91 18 92 17 93 22 94 16 95 31 96 6 97 18 98 22 99 17
89 0 19 1 18 2 9 3 20 4 20 5 7 6 14 7 28 8 18 9 25 10 26 11 23 12 11 13 26 14 15 15 1089 16 19 17 17 18 8 19 4 20 16 21 23 22 17 23 26 24 13 25 1020 26 12 27 24 28 20 29 42 30 25 31 9 32 998 33 3 34 28 35 7 36 27 37 13 38 6 39 17 40 25 41 19 42 4 43 13 44 13 45 5 46 8 47 13 48 17 49 11 50 25 51 18 52 28 53 18 54 7 55 21 56 21 57 17 58 13 59 16 60 18 61 3 62 16 63 10 64 24 65 4 66 26 67 2 68 1056 69 15 70 16 71 30 72 25 73 12 74 3 75 28 76 6 77 21 78 19 79 21 80 21 81 15 82 3 83 22 84 16 85 17 86 17 87 39 88 8 90 13 91 1 92 2 93 5 94 30 95 28 96 14 97 6 98 8 99 3
96 0 6 1 20 2 5 3 26 4 1 5 5 6 10 7 8 8 16 9 31 10 10 11 28 12 8 13 14 14 16 15 24 16 27 17 20 18 33 19 21 20 11 21 19 22 22 23 22 24 30 25 33 26 17 27 14 28 17 29 11 30 26 31 34 32 13 33 15 34 11 35 7 36 27 37 8 38 16 39 10 40 21 41 7 42 24 43 18 44 19 45 21 46 16 47 15 48 23 49 17 50 40 51 22 52 7 53 11 54 27 55 14 56 22 57 1050 58 20 59 24 60 8 61 19 62 17 63 3 64 17 65 2 66 30 67 6 68 13 69 31 70 22 71 7 72 7 73 16 74 3 75 5 76 21 77 31 78 22 79 24 80 20 81 3 82 20 83 17 84 27 85 28 86 11 87 14 88 18 89 13 90 21 91 16 92 6 93 27 94 8 95 10 97 27 98 10 99 8
