20
18 0 19 1 10 2 17 3 13 4 7 5 34 6 30 7 4 8 15 9 13 10 17 11 1 12 24 13 23 14 15 15 31 16 7 17 11 19 8
9 0 15 1 17 2 10 3 17 4 1223 5 24 6 23 7 23 8 12 10 12 11 1017 12 9 13 9 14 4 15 2 16 3 17 7 18 16 19 23
4 0 38 1 6 2 948 3 20 5 19 6 13 7 36 8 15 9 9 10 7 11 3 12 18 13 6 14 16 15 982 16 29 17 11 18 7 19 8
13 0 43 1 7 2 6 3 7 4 16 5 12 6 1 7 24 8 16 9 26 10 18 11 11 12 2 14 36 15 928 16 39 17 12 18 16 19 21
16 0 13 1 19 2 16 3 18 4 14 5 12 6 23 7 4 8 5 9 15 10 5 11 15 12 18 13 3 14 19 15 16 17 6 18 35 19 33
8 0 39 1 45 2 7 3 36 4 1 5 11 6 25 7 8 9 8 10 952 11 24 12 22 13 20 14 8 15 1 16 19 17 874 18 17 19 23
7 0 9 1 24 2 27 3 13 4 5 5 32 6 9 8 23 9 11 10 36 11 8 12 2 13 26 14 19 15 12 16 21 17 23 18 8 19 10
2 0 3 1 5 3 12 4 17 5 18 6 27 7 19 8 16 9 6 10 17 11 14 12 13 13 8 14 5 15 17 16 9 17 1048 18 39 19 3
10 0 20 1 28 2 1068 3 6 4 35 5 1 6 17 7 12 8 26 9 5 11 22 12 15 13 20 14 17 15 18 16 20 17 11 18 20 19 16
19 0 25 1 4 2 1014 3 21 4 25 5 21 6 10 7 30 8 8 9 22 10 14 11 18 12 28 13 9 14 12 15 14 16 9 17 31 18 14
14 0 17 1 2 2 9 3 17 4 12 5 25 6 28 7 23 8 15 9 8 10 24 11 2 12 6 13 1 15 4 16 21 17 9 18 27 19 2
15 0 15 1 23 2 40 3 12 4 19 5 19 6 8 7 8 8 16 9 5 10 10 11 4 12 31 13 20 14 12 16 18 17 10 18 22 19 4
11 0 2 1 8 2 3 3 9 4 2 5 24 6 16 7 39 8 6 9 4 10 20 12 14 13 916 14 6 15 21 16 29 17 26 18 18 19 23
1 0 13 2 21 3 26 4 9 5 15 6 19 7 12 8 7 9 39 10 39 11 11 12 1100 13 17 14 21 15 6 16 10 17 10 18 18 19 24
5 0 33 1 1 2 1142 3 11 4 16 6 20 7 12 8 6 9 29 10 13 11 35 12 12 13 30 14 13 15 11 16 15 17 19 18 2 19 5
17 0 4 1 21 2 6 3 3 4 22 5 7 6 10 7 27 8 2 9 1 10 29 11 1045 12 23 13 4 14 3 15 11 16 16 18 9 19 13
0 1 13 2 10 3 20 4 4 5 21 6 15 7 29 8 9 9 23 10 25 11 10 12 19 13 26 14 18 15 5 16 24 17 9 18 11 19 17
3 0 13 1 16 2 10 4 20 5 19 6 20 7 4 8 15 9 25 10 18 11 19 12 30 13 5 14 1 15 1051 16 15 17 1144 18 3 19 6
12 0 3 1 5 2 14 3 31 4 8 5 15 6 24 7 22 8 15 9 1045 10 13 11 17 13 6 14 23 15 18 16 4 17 12 18 20 19 1
6 0 5 1 18 2 3 3 28 4 2 5 20 7 24 8 9 9 13 10 3 11 14 12 16 13 7 14 16 15 8 16 11 17 5 18 19 19 15
