50
14 0 6 1 23 2 1 3 17 4 4 5 6 6 15 7 29 8 2 9 1 10 11 11 37 12 22 13 20 15 25 16 16 17 28 18 1096 19 4 20 20 21 37 22 9 23 13 24 28 25 20 26 15 27 2 28 30 29 18 30 16 31 36 32 16 33 10 34 3 35 5 36 10 37 11 38 19 39 6 40 27 41 34 42 15 43 1025 44 24 45 25 46 1138 47 18 48 16 49 6
21 0 12 1 5 2 19 3 23 4 8 5 8 6 16 7 1 8 947 9 16 10 3 11 21 12 12 13 8 14 23 15 8 16 22 17 9 18 7 19 10 20 28 22 18 23 32 24 17 25 19 26 23 27 7 28 21 29 10 30 7 31 17 32 6 33 9 34 1 35 2 36 22 37 18 38 17 39 15 40 15 41 30 42 10 43 30 44 4 45 9 46 25 47 4 48 24 49 19
28 0 23 1 5 2 7 3 9 4 6 5 10 6 10 7 12 8 5 9 31 10 22 11 12 12 1 13 16 14 24 15 25 16 14 17 6 18 24 19 21 20 20 21 14 22 9 23 22 24 9 25 43 26 5 27 23 29 1 30 5 31 27 32 14 33 16 34 18 35 26 36 4 37 3 38 21 39 10 40 30 41 26 42 17 43 21 44 1 45 4 46 20 47 10 48 8 49 23
29 0 26 1 23 2 1015 3 10 4 4 5 4 6 19 7 19 8 19 9 13 10 7 11 20 12 2 13 27 14 3 15 13 16 29 17 30 18 12 19 24 20 2 21 15 22 4 23 13 24 35 25 13 26 24 27 4 28 17 30 9 31 3 32 11 33 17 34 18 35 7 36 11 37 19 38 14 39 21 40 7 41 20 42 24 43 7 44 16 45 9 46 15 47 16 48 19 49 26
49 0 13 1 16 2 24 3 7 4 10 5 22 6 6 7 26 8 983 9 37 10 16 11 6 12 15 13 7 14 18 15 19 16 3 17 1 18 2 19 15 20 27 21 5 22 25 23 29 24 6 25 18 26 32 27 17 28 11 29 19 30 32 31 4 32 14 33 12 34 15 35 2 36 3 37 25 38 18 39 4 40 917 41 1026 42 22 43 15 44 1 45 21 46 14 47 26 48 15
11 0 10 1 6 2 16 3 16 4 20 5 22 6 19 7 15 8 5 9 24 10 20 12 28 13 38 14 3 15 19 16 930 17 11 18 7 19 11 20 19 21 28 22 26 23 6 24 14 25 6 26 11 27 4 28 7 29 4 30 1 31 33 32 33 33 37 34 4 35 27 36 7 37 21 38 32 39 26 40 8 41 9 42 24 43 23 44 27 45 15 46 17 47 3 48 11 49 12
48 0 43 1 20 2 11 3 17 4 12 5 12 6 9 7 10 8 5 9 13 10 5 11 17 12 11 13 23 14 12 15 19 16 18 17 11 18 16 19 15 20 20 21 8 22 20 23 20 24 17 25 25 26 12 27 23 28 10 29 10 30 1 31 5 32 12 33 24 34 19 35 22 36 4 37 10 38 11 39 21 40 10 41 12 42 23 43 13 44 9 45 15 46 16 47 42 49 7
24 0 22 1 30 2 8 3 26 4 10 5 26 6 20 7 28 8 17 9 6 10 14 11 9 12 19 13 25 14 19 15 9 16 1022 17 11 18 19 19 7 20 28 21 15 22 5 23 25 25 3 26 9 27 15 28 20 29 27 30 4 31 23 32 15 33 21 34 10 35 5 36 20 37 7 38 23 39 19 40 9 41 37 42 29 43 969 44 7 45 7 46 21 47 27 48 5 49 17
18 0 18 1 4 2 38 3 28 4 30 5 17 6 3 7 30 8 14 9 3 10 10 11 6 12 18 13 16 14 1064 15 8 16 8 17 23 19 13 20 12 21 11 22 4 23 9 24 3 25 5 26 30 27 11 28 7 29 14 30 10 31 15 32 33 33 1 34 8 35 16 36 37 37 23 38 11 39 9 40 20 41 8 42 14 43 12 44 12 45 38 46 13 47 41 48 14 49 9
9 0 22 1 5 2 32 3 13 4 8 5 43 6 811 7 6 8 3 10 14 11 23 12 8 13 14 14 8 15 19 16 27 17 20 18 8 19 18 20 923 21 15 22 22 23 6 24 18 25 18 26 29 27 23 28 5 29 27 30 1 31 19 32 29 33 21 34 35 35 16 36 17 37 3 38 8 39 21 40 1064 41 1 42 6 43 13 44 31 45 26 46 1 47 21 48 23 49 11
6 0 17 1 26 2 13 3 12 4 11 5 35 7 6 8 3 9 39 10 37 11 2 12 22 13 11 14 8 15 1 16 25 17 1 18 17 19 17 20 4 21 4 22 12 23 28 24 20 25 8 26 23 27 2 28 1058 29 4 30 30 31 20 32 1 33 11 34 24 35 4 36 23 37 32 38 4 39 37 40 9 41 9 42 11 43 19 44 7 45 6 46 8 47 31 48 8 49 10
8 0 3 1 1002 2 15 3 5 4 11 5 22 6 876 7 28 9 25 10 13 11 1 12 20 13 15 14 22 15 25 16 4 17 25 18 9 19 13 20 23 21 9 22 3 23 10 24 10 25 16 26 20 27 34 28 15 29 9 30 1 31 7 32 7 33 9 34 26 35 1 36 23 37 2 38 7 39 1 40 35 41 15 42 13 43 37 44 12 45 12 46 10 47 33 48 14 49 9
15 0 1002 1 3 2 1 3 13 4 48 5 22 6 28 7 26 8 9 9 980 10 6 11 19 12 6 13 17 14 15 16 1 17 3 18 23 19 20 20 3 21 28 22 13 23 18 24 14 25 34 26 34 27 20 28 15 29 9 30 30 31 21 32 17 33 6 34 10 35 12 36 14 37 24 38 19 39 11 40 16 41 10 42 21 43 28 44 21 45 3 46 12 47 3 48 19 49 35
30 0 17 1 11 2 3 3 10 4 1 5 18 6 15 7 6 8 30 9 22 10 6 11 6 12 4 13 26 14 1049 15 19 16 19 17 27 18 796 19 7 20 8 21 11 22 21 23 8 24 3 25 10 26 16 27 25 28 5 29 25 31 11 32 24 33 22 34 26 35 24 36 14 37 43 38 8 39 20 40 16 41 1 42 30 43 13 44 14 45 9 46 34 47 1080 48 9 49 11
45 0 36 1 28 2 7 3 3 4 17 5 22 6 13 7 25 8 1 9 1 10 5 11 5 12 24 13 21 14 10 15 15 16 27 17 11 18 9 19 2 20 12 21 3 22 31 23 23 24 30 25 12 26 10 27 22 28 19 29 14 30 2 31 25 32 17 33 6 34 20 35 3 36 18 37 21 38 30 39 8 40 14 41 25 42 6 43 8 44 6 46 14 47 18 48 28 49 21
34 0 10 1 9 2 17 3 10 4 26 5 21 6 15 7 13 8 19 9 1020 10 1 11 15 12 948 13 18 14 24 15 4 16 2 17 22 18 21 19 26 20 17 21 22 22 6 23 18 24 6 25 22 26 22 27 8 28 3 29 11 30 6 31 1 32 29 33 15 35 7 36 16 37 9 38 8 39 21 40 25 41 2 42 11 43 12 44 13 45 16 46 21 47 24 48 1 49 1
35 0 1 1 28 2 6 3 13 4 10 5 19 6 16 7 12 8 12 9 30 10 7 11 10 12 12 13 21 14 17 15 5 16 16 17 9 18 12 19 7 20 19 21 8 22 12 23 1 24 32 25 23 26 3 27 19 28 29 29 19 30 10 31 16 32 9 33 26 34 7 36 33 37 2 38 5 39 7 40 31 41 23 42 2 43 14 44 1127 45 15 46 14 47 22 48 17 49 7
36 0 10 1 13 2 17 3 30 4 9 5 11 6 11 7 21 8 13 9 1004 10 9 11 2 12 8 13 19 14 11 15 24 16 7 17 19 18 21 19 9 20 1 21 17 22 999 23 5 24 6 25 8 26 2 27 9 28 2 29 17 30 37 31 16 32 4 33 16 34 27 35 13 37 17 38 11 39 18 40 34 41 14 42 24 43 23 44 21 45 7 46 10 47 25 48 3 49 15
13 0 17 1 15 2 16 3 4 4 18 5 29 6 2 7 21 8 20 9 12 10 25 11 13 12 18 14 19 15 31 16 24 17 1 18 22 19 9 20 28 21 1038 22 42 23 16 24 15 25 25 26 2 27 10 28 10 29 21 30 9 31 27 32 12 33 33 34 18 35 5 36 16 37 26 38 18 39 13 40 31 41 29 42 30 43 11 44 8 45 18 46 11 47 17 48 6 49 16
40 0 23 1 20 2 25 3 14 4 23 5 26 6 7 7 13 8 8 9 13 10 12 11 18 12 15 13 22 14 6 15 6 16 24 17 44 18 19 19 8 20 37 21 19 22 7 23 2 24 20 25 14 26 8 27 1071 28 20 29 15 30 2 31 37 32 9 33 17 34 11 35 8 36 2 37 7 38 12 39 12 41 19 42 13 43 6 44 6 45 30 46 3 47 19 48 16 49 19
26 0 5 1 4 2 2 3 12 4 7 5 41 6 12 7 8 8 3 9 1 10 7 11 18 12 21 13 5 14 949 15 14 16 24 17 17 18 13 19 1144 20 22 21 1 22 1034 23 11 24 19 25 6 27 740 28 14 29 19 30 16 31 10 32 40 33 20 34 17 35 9 36 16 37 53 38 7 39 16 40 14 41 8 42 15 43 8 44 13 45 3 46 25 47 835 48 17 49 26
41 0 8 1 27 2 15 3 9 4 1 5 18 6 5 7 19 8 3 9 20 10 35 11 1 12 7 13 26 14 34 15 12 16 11 17 19 18 22 19 3 20 22 21 4 22 6 23 12 24 31 25 46 26 24 27 24 28 12 29 29 30 2 31 4 32 798 33 27 34 18 35 16 36 10 37 19 38 11 39 11 40 1 42 30 43 35 44 12 45 5 46 14 47 22 48 14 49 10
32 0 7 1 4 2 27 3 24 4 9 5 13 6 8 7 7 8 18 9 23 10 7 11 17 12 6 13 14 14 25 15 30 16 29 17 4 18 33 19 7 20 18 21 1 22 22 23 11 24 885 25 11 26 19 27 24 28 9 29 17 30 7 31 4 33 23 34 7 35 14 36 15 37 26 38 4 39 17 40 9 41 4 42 30 43 11 44 26 45 15 46 24 47 8 48 11 49 1145
31 0 14 1 11 2 2 3 18 4 24 5 13 6 24 7 16 8 5 9 15 10 30 11 27 12 9 13 11 14 13 15 18 16 11 17 17 18 28 19 1 20 14 21 30 22 2 23 12 24 4 25 5 26 14 27 15 28 13 29 16 30 26 32 25 33 3 34 15 35 19 36 2 37 17 38 12 39 14 40 14 41 11 42 2 43 14 44 23 45 1 46 6 47 18 48 14 49 21
47 0 22 1 13 2 28 3 36 4 43 5 13 6 29 7 23 8 11 9 22 10 14 11 20 12 40 13 33 14 11 15 15 16 16 17 26 18 10 19 6 20 7 21 16 22 10 23 33 24 11 25 13 26 6 27 16 28 20 29 9 30 1 31 8 32 10 33 13 34 6 35 16 36 15 37 6 38 12 39 15 40 22 41 20 42 4 43 25 44 1104 45 9 46 15 48 32 49 12
2 0 10 1 32 3 3 4 12 5 17 6 17 7 24 8 6 9 8 10 33 11 16 12 770 13 8 14 37 15 26 16 10 17 11 18 2 19 4 20 14 21 9 22 30 23 1264 24 13 25 924 26 10 27 13 28 17 29 10 30 17 31 8 32 26 33 14 34 7 35 33 36 8 37 33 38 14 39 8 40 23 41 5 42 1154 43 20 44 6 45 14 46 13 47 12 48 1 49 10
10 0 23 1 13 2 7 3 10 4 7 5 27 6 15 7 1034 8 21 9 2 11 35 12 2 13 5 14 28 15 15 16 26 17 12 18 9 19 4 20 20 21 34 22 14 23 26 24 1 25 19 26 15 27 5 28 26 29 2 30 10 31 22 32 16 33 11 34 4 35 6 36 27 37 6 38 4 39 35 40 30 41 20 42 5 43 28 44 18 45 13 46 3 47 20 48 25 49 15
33 0 15 1 4 2 4 3 4 4 27 5 13 6 1095 7 11 8 12 9 25 10 11 11 32 12 40 13 3 14 11 15 3 16 35 17 7 18 13 19 11 20 37 21 28 22 16 23 1 24 45 25 23 26 20 27 5 28 14 29 20 30 8 31 12 32 14 34 16 35 6 36 7 37 29 38 6 39 19 40 15 41 26 42 1 43 7 44 9 45 14 46 1 47 15 48 13 49 1
25 0 1144 1 7 2 14 3 31 4 10 5 8 6 9 7 16 8 14 9 16 10 34 11 24 12 12 13 14 14 13 15 15 16 27 17 46 18 24 19 2 20 13 21 29 22 34 23 8 24 21 26 29 27 18 28 17 29 18 30 12 31 27 32 15 33 6 34 21 35 18 36 4 37 8 38 25 39 19 40 12 41 13 42 1 43 24 44 36 45 13 46 35 47 11 48 9 49 11
37 0 12 1 29 2 32 3 2 4 17 5 3 6 4 7 21 8 24 9 1148 10 15 11 22 12 25 13 17 14 24 15 6 16 1022 17 11 18 19 19 9 20 23 21 12 22 12 23 1 24 20 25 1054 26 22 27 16 28 18 29 24 30 20 31 32 32 9 33 16 34 25 35 22 36 21 38 18 39 36 40 4 41 14 42 12 43 26 44 15 45 18 46 15 47 1028 48 8 49 10
46 0 23 1 20 2 34 3 13 4 12 5 12 6 18 7 21 8 20 9 876 10 16 11 13 12 17 13 10 14 29 15 9 16 4 17 21 18 3 19 29 20 16 21 4 22 28 23 8 24 24 25 26 26 24 27 10 28 10 29 16 30 4 31 20 32 6 33 7 34 18 35 17 36 27 37 9 38 6 39 14 40 3 41 2 42 2 43 23 44 9 45 18 47 34 48 948 49 5
22 0 7 1 30 2 8 3 31 4 35 5 24 6 6 7 7 8 19 9 38 10 24 11 18 12 9 13 15 14 32 15 2 16 12 17 11 18 10 19 7 20 13 21 18 23 12 24 20 25 9 26 30 27 7 28 13 29 13 30 28 31 1011 32 13 33 19 34 6 35 10 36 11 37 15 38 19 39 12 40 9 41 24 42 25 43 2 44 21 45 11 46 25 47 15 48 14 49 42
0 1 11 2 6 3 35 4 25 5 27 6 14 7 10 8 18 9 9 10 14 11 23 12 21 13 14 14 2 15 7 16 28 17 24 18 35 19 3 20 14 21 37 22 14 23 27 24 15 25 14 26 14 27 21 28 9 29 11 30 1 31 16 32 27 33 25 34 16 35 21 36 3 37 15 38 9 39 15 40 40 41 19 42 1 43 20 44 10 45 38 46 1 47 12 48 28 49 19
17 0 26 1 13 2 15 3 33 4 9 5 14 6 13 7 21 8 952 9 29 10 9 11 1 12 21 13 6 14 17 15 23 16 10 18 13 19 8 20 13 21 28 22 1 23 3 24 28 25 8 26 19 27 24 28 25 29 17 30 17 31 1 32 9 33 14 34 3 35 4 36 9 37 30 38 7 39 4 40 789 41 9 42 22 43 31 44 9 45 1 46 13 47 6 48 15 49 1051
27 0 23 1 29 2 12 3 35 4 22 5 984 6 13 7 29 8 10 9 3 10 34 11 24 12 18 13 9 14 3 15 36 16 11 17 26 18 25 19 11 20 20 21 6 22 25 23 21 24 20 25 22 26 23 28 12 29 21 30 13 31 35 32 1046 33 1 34 21 35 25 36 8 37 15 38 29 39 6 40 7 41 18 42 15 43 7 44 5 45 19 46 13 47 15 48 34 49 8
39 0 14 1 14 2 2 3 3 4 18 5 26 6 19 7 39 8 893 9 19 10 21 11 1011 12 19 13 21 14 10 15 12 16 2 17 14 18 6 19 13 20 16 21 5 22 31 23 6 24 10 25 1 26 17 27 25 28 15 29 26 30 14 31 11 32 22 33 8 34 7 35 10 36 24 37 17 38 27 40 24 41 9 42 16 43 1 44 1 45 33 46 20 47 11 48 8 49 1073
23 0 3 1 29 2 8 3 1046 4 20 5 6 6 19 7 30 8 21 9 19 10 896 11 3 12 17 13 15 14 8 15 18 16 17 17 3 18 9 19 17 20 27 21 20 22 5 24 1 25 7 26 8 27 12 28 18 29 16 30 2 31 27 32 20 33 27 34 10 35 14 36 17 37 10 38 20 39 29 40 1 41 21 42 5 43 20 44 23 45 18 46 1 47 23 48 10 49 19
16 0 2 1 19 2 8 3 22 4 30 5 25 6 24 7 26 8 24 9 7 10 19 11 14 12 1 13 11 14 13 15 23 17 14 18 13 19 16 20 26 21 15 22 10 23 7 24 21 25 26 26 23 27 15 28 9 29 41 30 20 31 20 32 26 33 3 34 16 35 17 36 1 37 26 38 16 39 6 40 12 41 19 42 22 43 11 44 24 45 24 46 7 47 3 48 1 49 1
20 0 12 1 13 2 6 3 26 4 887 5 14 6 11 7 19 8 29 9 13 10 18 11 8 12 22 13 6 14 11 15 21 16 8 17 13 18 10 19 19 21 20 22 5 23 18 24 14 25 9 26 34 27 13 28 12 29 3 30 28 31 37 32 27 33 1081 34 26 35 13 36 10 37 19 38 15 39 14 40 46 41 12 42 6 43 10 44 20 45 31 46 15 47 17 48 12 49 19
12 0 20 1 2 2 10 3 18 4 15 5 6 6 20 7 10 8 18 9 2 10 9 11 17 13 26 14 28 15 18 16 3 17 15 18 16 19 2 20 11 21 8 22 7 23 6 24 8 25 15 26 45 27 7 28 22 29 4 30 8 31 5 32 13 33 1094 34 1 35 1016 36 17 37 4 38 12 39 10 40 24 41 12 42 20 43 17 44 1027 45 30 46 1 47 15 48 27 49 19
19 0 18 1 27 2 10 3 35 4 30 5 25 6 15 7 4 8 10 9 3 10 13 11 4 12 23 13 16 14 9 15 18 16 7 17 6 18 12 20 14 21 17 22 2 23 8 24 23 25 25 26 4 27 17 28 1 29 6 30 16 31 19 32 31 33 1058 34 25 35 6 36 17 37 5 38 18 39 6 40 16 41 24 42 31 43 7 44 11 45 22 46 30 47 18 48 16 49 1066
44 0 15 1 6 2 23 3 45 4 9 5 25 6 17 7 23 8 15 9 12 10 6 11 7 12 16 13 6 14 11 15 13 16 11 17 25 18 31 19 8 20 18 21 8 22 30 23 5 24 30 25 15 26 7 27 13 28 10 29 15 30 44 31 29 32 7 33 19 34 6 35 32 36 12 37 21 38 17 39 13 40 25 41 10 42 2 43 7 45 15 46 25 47 9 48 9 49 18
3 0 15 1 10 2 15 4 29 5 10 6 13 7 1 8 20 9 12 10 5 11 1 12 7 13 4 14 22 15 12 16 13 17 21 18 3 19 13 20 16 21 17 22 16 23 22 24 36 25 17 26 16 27 25 28 19 29 9 30 35 31 7 32 15 33 39 34 18 35 13 36 24 37 7 38 19 39 27 40 15 41 9 42 19 43 18 44 1 45 16 46 7 47 13 48 20 49 22
1 0 21 2 5 3 11 4 3 5 14 6 23 7 12 8 5 9 9 10 40 11 24 12 33 13 21 14 2 15 1 16 25 17 9 18 13 19 4 20 2 21 7 22 18 23 7 24 21 25 5 26 14 27 19 28 21 29 32 30 6 31 3 32 17 33 7 34 15 35 14 36 24 37 11 38 17 39 10 40 16 41 10 42 23 43 18 44 25 45 21 46 18 47 12 48 22 49 41
42 0 11 1 22 2 21 3 10 4 17 5 3 6 16 7 1040 8 23 9 12 10 14 11 17 12 15 13 6 14 21 15 11 16 26 17 15 18 22 19 13 20 10 21 8 22 6 23 20 24 8 25 15 26 14 27 13 28 28 29 13 30 18 31 25 32 22 33 28 34 15 35 9 36 9 37 29 38 6 39 2 40 26 41 15 43 12 44 22 45 32 46 27 47 16 48 20 49 9
4 0 19 1 8 2 10 3 19 5 8 6 4 7 24 8 37 9 27 10 12 11 11 12 21 13 10 14 9 15 29 16 9 17 7 18 23 19 23 20 9 21 24 22 3 23 9 24 22 25 23 26 32 27 16 28 6 29 13 30 4 31 1 32 17 33 20 34 12 35 17 36 8 37 24 38 12 39 7 40 5 41 24 42 14 43 33 44 3 45 24 46 9 47 14 48 8 49 16
7 0 8 1 24 2 5 3 22 4 9 5 12 6 23 8 22 9 12 10 20 11 12 12 24 13 17 14 7 15 4 16 12 17 9 18 16 19 11 20 26 21 24 22 19 23 13 24 6 25 7 26 13 27 28 28 17 29 11 30 20 31 36 32 13 33 4 34 14 35 14 36 25 37 17 38 14 39 4 40 14 41 17 42 14 43 15 44 9 45 21 46 20 47 22 48 13 49 4
43 0 1 1 13 2 7 3 37 4 16 5 19 6 11 7 8 8 18 9 4 10 10 11 18 12 16 13 10 14 14 15 9 16 20 17 13 18 7 19 19 20 20 21 7 22 5 23 11 24 1053 25 29 26 11 27 14 28 1 29 6 30 8 31 1 32 19 33 23 34 20 35 31 36 22 37 9 38 12 39 36 40 1003 41 8 42 34 44 20 45 16 46 9 47 14 48 3 49 1073
38 0 14 1 11 2 14 3 22 4 2 5 16 6 22 7 7 8 8 9 20 10 26 11 12 12 10 13 19 14 15 15 28 16 35 17 23 18 29 19 9 20 6 21 15 22 3 23 13 24 19 25 3 26 16 27 17 28 15 29 8 30 32 31 19 32 26 33 19 34 13 35 20 36 1 37 16 39 21 40 3 41 13 42 7 43 14 44 19 45 17 46 14 47 29 48 19 49 27
5 0 20 1 33 2 23 3 20 4 18 6 28 7 2 8 21 9 13 10 17 11 22 12 23 13 21 14 14 15 31 16 10 17 4 18 13 19 19 20 11 21 16 22 13 23 20 24 19 25 39 26 23 27 6 28 29 29 15 30 1 31 7 32 34 33 12 34 8 35 27 36 6 37 23 38 16 39 12 40 19 41 29 42 1050 43 19 44 22 45 26 46 7 47 12 48 7 49 918
