75
52 0 16 1 5 2 14 3 20 4 29 5 7 6 17 7 27 8 4 9 24 10 9 11 25 12 26 13 7 14 5 15 12 16 10 17 12 18 21 19 24 20 11 21 10 22 23 23 1 24 26 25 18 26 19 27 1 28 11 29 15 30 4 31 29 32 26 33 4 34 34 35 1 36 5 37 30 38 27 39 9 40 37 41 11 42 4 43 30 44 1 45 15 46 12 47 21 48 6 49 28 50 7 51 6 53 37 54 17 55 3 56 11 57 32 58 4 59 8 60 3 61 14 62 39 63 6 64 937 65 23 66 1161 67 38 68 7 69 10 70 18 71 24 72 5 73 4 74 19
72 0 2 1 3 2 14 3 12 4 9 5 37 6 18 7 14 8 17 9 8 10 17 11 3 12 13 13 15 14 16 15 30 16 22 17 23 18 8 19 8 20 9 21 18 22 1 23 21 24 16 25 22 26 18 27 1052 28 8 29 20 30 22 31 24 32 18 33 3 34 26 35 7 36 33 37 22 38 24 39 16 40 22 41 3 42 24 43 27 44 29 45 2 46 27 47 5 48 32 49 11 50 15 51 922 52 38 53 22 54 21 55 1 56 17 57 20 58 27 59 27 60 5 61 6 62 20 63 13 64 12 65 3 66 10 67 10 68 16 69 5 70 23 71 16 73 14 74 10
49 0 32 1 29 2 20 3 26 4 19 5 2 6 31 7 1 8 6 9 8 10 21 11 5 12 9 13 25 14 16 15 10 16 8 17 7 18 20 19 6 20 22 21 21 22 3 23 11 24 14 25 6 26 21 27 19 28 13 29 17 30 9 31 9 32 1169 33 5 34 15 35 2 36 10 37 12 38 34 39 38 40 15 41 25 42 29 43 14 44 12 45 42 46 5 47 10 48 16 50 14 51 21 52 3 53 15 54 28 55 12 56 18 57 12 58 26 59 4 60 8 61 4 62 1 63 17 64 6 65 1 66 1 67 8 68 2 69 20 70 10 71 15 72 22 73 1 74 12
62 0 36 1 31 2 11 3 9 4 20 5 985 6 22 7 18 8 22 9 21 10 1 11 3 12 16 13 13 14 20 15 7 16 15 17 7 18 27 19 10 20 11 21 18 22 18 23 22 24 9 25 19 26 27 27 16 28 17 29 39 30 10 31 19 32 7 33 2 34 14 35 4 36 19 37 6 38 9 39 16 40 33 41 20 42 23 43 2 44 4 45 3 46 14 47 5 48 24 49 6 50 29 51 18 52 3 53 10 54 10 55 38 56 14 57 14 58 29 59 18 60 13 61 21 63 25 64 34 65 12 66 18 67 23 68 4 69 12 70 31 71 14 72 17 73 26 74 17
66 0 19 1 22 2 19 3 3 4 3 5 8 6 26 7 1 8 23 9 5 10 6 11 19 12 16 13 11 14 20 15 21 16 29 17 33 18 15 19 21 20 6 21 11 22 18 23 16 24 26 25 12 26 1 27 3 28 15 29 10 30 7 31 10 32 15 33 5 34 10 35 3 36 11 37 3 38 23 39 25 40 25 41 22 42 35 43 5 44 29 45 12 46 20 47 5 48 18 49 25 50 12 51 8 52 17 53 11 54 21 55 27 56 22 57 20 58 33 59 12 60 18 61 9 62 1085 63 6 64 3 65 19 67 26 68 1 69 36 70 32 71 1 72 25 73 20 74 4
40 0 5 1 35 2 8 3 18 4 17 5 10 6 4 7 16 8 24 9 20 10 23 11 1 12 23 13 2 14 13 15 15 16 10 17 20 18 10 19 16 20 849 21 2 22 19 23 34 24 14 25 27 26 40 27 31 28 9 29 3 30 18 31 16 32 9 33 24 34 6 35 945 36 19 37 13 38 5 39 1 41 18 42 28 43 12 44 18 45 23 46 13 47 23 48 23 49 22 50 15 51 23 52 13 53 25 54 26 55 16 56 21 57 12 58 19 59 16 60 15 61 7 62 16 63 22 64 18 65 14 66 24 67 12 68 1008 69 17 70 27 71 14 72 17 73 17 74 17
74 0 16 1 19 2 14 3 15 4 24 5 6 6 22 7 31 8 14 9 1 10 18 11 34 12 27 13 20 14 9 15 21 16 8 17 10 18 33 19 7 20 30 21 28 22 22 23 15 24 12 25 19 26 21 27 12 28 27 29 18 30 24 31 31 32 20 33 17 34 1 35 13 36 17 37 19 38 7 39 7 40 16 41 10 42 19 43 22 44 1037 45 10 46 17 47 30 48 11 49 8 50 21 51 11 52 21 53 11 54 23 55 2 56 18 57 7 58 17 59 23 60 29 61 20 62 29 63 23 64 37 65 14 66 28 67 17 68 27 69 20 70 25 71 28 72 19 73 1077
43 0 5 1 5 2 11 3 3 4 19 5 17 6 23 7 14 8 6 9 10 10 7 11 7 12 27 13 33 14 11 15 1092 16 16 17 1101 18 4 19 17 20 30 21 16 22 5 23 16 24 1 25 16 26 15 27 19 28 17 29 25 30 13 31 29 32 8 33 34 34 19 35 10 36 14 37 2 38 30 39 8 40 5 41 6 42 7 44 8 45 956 46 2 47 4 48 2 49 12 50 8 51 13 52 23 53 18 54 18 55 10 56 10 57 37 58 8 59 15 60 32 61 36 62 20 63 14 64 7 65 3 66 2 67 13 68 22 69 3 70 26 71 20 72 1 73 12 74 25
30 0 21 1 13 2 35 3 1057 4 7 5 22 6 22 7 19 8 10 9 3 10 21 11 26 12 8 13 12 14 26 15 18 16 14 17 11 18 14 19 3 20 11 21 13 22 33 23 7 24 16 25 6 26 7 27 10 28 16 29 3 31 22 32 6 33 23 34 17 35 13 36 1 37 12 38 7 39 35 40 15 41 20 42 2 43 16 44 14 45 1 46 24 47 16 48 4 49 21 50 1199 51 13 52 11 53 18 54 15 55 24 56 13 57 12 58 18 59 18 60 3 61 24 62 10 63 3 64 30 65 11 66 9 67 1018 68 28 69 1 70 12 71 16 72 16 73 23 74 1
50 0 6 1 14 2 27 3 24 4 14 5 32 6 10 7 19 8 36 9 20 10 7 11 9 12 36 13 9 14 18 15 7 16 2 17 2 18 7 19 15 20 4 21 7 22 23 23 8 24 933 25 27 26 30 27 1 28 11 29 23 30 35 31 13 32 2 33 11 34 25 35 6 36 12 37 24 38 17 39 10 40 15 41 5 42 36 43 8 44 19 45 1 46 18 47 17 48 970 49 8 51 21 52 22 53 19 54 15 55 13 56 17 57 19 58 17 59 15 60 1 61 1 62 8 63 28 64 20 65 20 66 8 67 20 68 2 69 13 70 12 71 43 72 20 73 44 74 5
70 0 16 1 19 2 20 3 3 4 17 5 15 6 5 7 16 8 18 9 17 10 19 11 15 12 8 13 14 14 2 15 2 16 23 17 30 18 17 19 5 20 8 21 6 22 8 23 14 24 20 25 26 26 14 27 17 28 4 29 7 30 27 31 1 32 15 33 15 34 22 35 7 36 7 37 26 38 31 39 19 40 1 41 8 42 25 43 16 44 672 45 18 46 17 47 21 48 27 49 24 50 2 51 32 52 4 53 19 54 10 55 1 56 8 57 13 58 18 59 9 60 26 61 13 62 12 63 29 64 7 65 10 66 15 67 15 68 9 69 1 71 27 72 23 73 8 74 37
35 0 10 1 30 2 18 3 26 4 23 5 6 6 7 7 4 8 14 9 26 10 4 11 22 12 9 13 6 14 23 15 3 16 31 17 5 18 21 19 18 20 20 21 19 22 8 23 20 24 11 25 7 26 1086 27 20 28 3 29 12 30 18 31 19 32 21 33 16 34 11 36 9 37 42 38 12 39 22 40 21 41 23 42 3 43 1048 44 3 45 10 46 9 47 21 48 18 49 2 50 24 51 17 52 23 53 1 54 2 55 35 56 4 57 3 58 32 59 31 60 14 61 10 62 7 63 27 64 22 65 1 66 16 67 3 68 10 69 9 70 12 71 940 72 4 73 1039 74 16
19 0 27 1 10 2 27 3 17 4 28 5 15 6 27 7 13 8 14 9 22 10 42 11 17 12 12 13 10 14 19 15 21 16 13 17 935 18 30 20 27 21 18 22 27 23 10 24 1088 25 10 26 18 27 15 28 9 29 2 30 1 31 13 32 22 33 968 34 4 35 22 36 3 37 37 38 12 39 17 40 7 41 24 42 1 43 5 44 1 45 1 46 18 47 33 48 21 49 980 50 1 51 7 52 11 53 16 54 15 55 19 56 8 57 8 58 18 59 24 60 17 61 7 62 6 63 32 64 16 65 17 66 18 67 29 68 33 69 4 70 7 71 7 72 1 73 12 74 19
51 0 7 1 15 2 23 3 27 4 23 5 16 6 14 7 14 8 25 9 5 10 15 11 13 12 17 13 7 14 9 15 14 16 23 17 12 18 7 19 25 20 32 21 18 22 25 23 17 24 13 25 24 26 1 27 4 28 14 29 6 30 31 31 35 32 21 33 7 34 27 35 11 36 12 37 14 38 16 39 31 40 38 41 11 42 21 43 3 44 2 45 11 46 28 47 29 48 11 49 13 50 8 52 24 53 15 54 28 55 1 56 28 57 16 58 10 59 7 60 35 61 19 62 13 63 19 64 15 65 6 66 11 67 26 68 27 69 21 70 3 71 28 72 11 73 18 74 18
53 0 31 1 4 2 16 3 17 4 8 5 46 6 16 7 18 8 21 9 14 10 18 11 24 12 17 13 41 14 4 15 9 16 4 17 31 18 10 19 19 20 31 21 38 22 14 23 15 24 12 25 12 26 6 27 9 28 8 29 19 30 1 31 26 32 23 33 16 34 27 35 35 36 30 37 11 38 12 39 12 40 15 41 19 42 26 43 1085 44 23 45 22 46 3 47 14 48 19 49 19 50 9 51 9 52 1019 54 7 55 17 56 13 57 17 58 2 59 4 60 20 61 3 62 17 63 3 64 11 65 6 66 15 67 22 68 9 69 22 70 35 71 21 72 2 73 19 74 9
46 0 9 1 8 2 19 3 16 4 17 5 22 6 27 7 1 8 928 9 14 10 21 11 12 12 21 13 10 14 12 15 26 16 27 17 20 18 18 19 25 20 21 21 16 22 9 23 4 24 7 25 7 26 14 27 20 28 1 29 3 30 1 31 31 32 2 33 9 34 19 35 11 36 10 37 17 38 25 39 36 40 11 41 9 42 9 43 29 44 23 45 5 47 14 48 7 49 33 50 27 51 10 52 3 53 16 54 20 55 1 56 8 57 10 58 12 59 20 60 11 61 1135 62 12 63 15 64 20 65 18 66 17 67 19 68 10 69 11 70 32 71 7 72 21 73 7 74 12
23 0 19 1 17 2 7 3 8 4 9 5 9 6 13 7 12 8 22 9 29 10 15 11 28 12 20 13 1 14 21 15 11 16 9 17 13 18 31 19 21 20 9 21 22 22 3 24 12 25 24 26 6 27 20 28 14 29 3 30 18 31 9 32 21 33 24 34 13 35 28 36 14 37 16 38 29 39 26 40 14 41 11 42 1 43 17 44 14 45 14 46 1 47 28 48 12 49 14 50 13 51 12 52 20 53 13 54 17 55 1 56 18 57 23 58 21 59 16 60 2 61 8 62 2 63 28 64 28 65 5 66 1028 67 18 68 10 69 12 70 34 71 20 72 15 73 8 74 16
42 0 6 1 6 2 3 3 6 4 12 5 22 6 7 7 9 8 20 9 23 10 18 11 19 12 20 13 10 14 8 15 31 16 23 17 19 18 12 19 14 20 982 21 4 22 22 23 12 24 24 25 23 26 27 27 1052 28 3 29 7 30 14 31 6 32 998 33 7 34 5 35 8 36 6 37 14 38 5 39 26 40 1 41 20 43 18 44 8 45 8 46 25 47 18 48 5 49 6 50 24 51 22 52 14 53 1 54 22 55 18 56 3 57 30 58 8 59 1286 60 22 61 22 62 15 63 28 64 3 65 12 66 12 67 29 68 15 69 19 70 12 71 26 72 7 73 32 74 1189
22 0 24 1 16 2 29 3 854 4 19 5 12 6 9 7 10 8 4 9 5 10 10 11 741 12 16 13 16 14 7 15 26 16 14 17 9 18 9 19 37 20 26 21 22 23 10 24 6 25 36 26 14 27 10 28 22 29 12 30 11 31 18 32 9 33 25 34 16 35 18 36 20 37 24 38 19 39 17 40 31 41 17 42 21 43 15 44 10 45 17 46 1 47 21 48 34 49 26 50 3 51 3 52 6 53 20 54 19 55 11 56 13 57 21 58 16 59 11 60 25 61 1019 62 20 63 19 64 2 65 9 66 9 67 19 68 28 69 5 70 8 71 17 72 14 73 35 74 10
34 0 32 1 16 2 2 3 16 4 13 5 19 6 18 7 10 8 27 9 12 10 1014 11 1 12 28 13 10 14 6 15 8 16 35 17 18 18 27 19 31 20 17 21 27 22 13 23 20 24 7 25 13 26 10 27 19 28 42 29 30 30 15 31 27 32 18 33 18 35 13 36 14 37 14 38 16 39 10 40 18 41 20 42 25 43 13 44 15 45 20 46 22 47 27 48 24 49 29 50 11 51 32 52 21 53 39 54 3 55 28 56 8 57 24 58 28 59 17 60 18 61 16 62 30 63 16 64 7 65 18 66 12 67 18 68 16 69 12 70 16 71 26 72 1 73 48 74 13
56 0 19 1 24 2 3 3 1 4 11 5 5 6 17 7 38 8 37 9 24 10 1 11 19 12 11 13 16 14 5 15 24 16 17 17 18 18 22 19 27 20 23 21 14 22 41 23 7 24 9 25 3 26 30 27 8 28 3 29 5 30 18 31 21 32 22 33 9 34 17 35 17 36 2 37 16 38 1031 39 12 40 24 41 30 42 21 43 18 44 21 45 16 46 1 47 10 48 25 49 24 50 9 51 22 52 18 53 15 54 14 55 15 57 1010 58 8 59 19 60 23 61 7 62 4 63 17 64 6 65 11 66 991 67 5 68 8 69 25 70 3 71 17 72 6 73 29 74 16
24 0 14 1 20 2 27 3 6 4 991 5 6 6 25 7 9 8 888 9 15 10 9 11 25 12 31 13 13 14 12 15 38 16 16 17 18 18 7 19 3 20 18 21 10 22 20 23 11 25 6 26 11 27 27 28 21 29 894 30 12 31 17 32 15 33 23 34 33 35 32 36 11 37 20 38 19 39 22 40 5 41 4 42 13 43 11 44 9 45 24 46 25 47 974 48 4 49 17 50 26 51 31 52 9 53 2 54 22 55 9 56 15 57 18 58 25 59 18 60 5 61 22 62 33 63 14 64 22 65 5 66 15 67 12 68 7 69 24 70 9 71 18 72 2 73 8 74 21
68 0 10 1 17 2 11 3 16 4 9 5 23 6 13 7 8 8 29 9 5 10 18 11 21 12 13 13 5 14 8 15 15 16 6 17 6 18 6 19 28 20 20 21 15 22 36 23 12 24 15 25 15 26 5 27 10 28 11 29 34 30 1 31 17 32 30 33 6 34 15 35 5 36 2 37 29 38 12 39 18 40 19 41 26 42 13 43 2 44 7 45 6 46 9 47 6 48 4 49 20 50 3 51 4 52 10 53 18 54 14 55 12 56 24 57 10 58 12 59 17 60 26 61 12 62 17 63 22 64 12 65 17 66 24 67 1 69 28 70 18 71 26 72 28 73 8 74 21
54 0 20 1 26 2 17 3 20 4 19 5 13 6 941 7 14 8 17 9 15 10 30 11 22 12 7 13 956 14 7 15 2 16 12 17 3 18 18 19 6 20 25 21 28 22 15 23 25 24 41 25 25 26 17 27 1 28 24 29 1083 30 16 31 18 32 3 33 11 34 25 35 17 36 25 37 14 38 16 39 36 40 16 41 3 42 5 43 11 44 5 45 13 46 12 47 22 48 947 49 23 50 28 51 6 52 14 53 40 55 23 56 25 57 25 58 28 59 21 60 33 61 8 62 7 63 964 64 6 65 18 66 21 67 10 68 9 69 20 70 26 71 15 72 2 73 10 74 14
41 0 9 1 1075 2 32 3 15 4 10 5 2 6 25 7 12 8 22 9 1084 10 34 11 21 12 21 13 12 14 3 15 1196 16 14 17 26 18 29 19 1 20 17 21 7 22 33 23 21 24 18 25 6 26 1160 27 18 28 15 29 9 30 1 31 28 32 6 33 29 34 13 35 32 36 25 37 19 38 17 39 8 40 10 42 20 43 32 44 25 45 15 46 15 47 5 48 4 49 11 50 5 51 26 52 10 53 9 54 3 55 18 56 12 57 2 58 13 59 20 60 23 61 4 62 2 63 25 64 15 65 6 66 30 67 2 68 14 69 26 70 9 71 30 72 15 73 12 74 21
28 0 20 1 17 2 33 3 7 4 10 5 5 6 36 7 25 8 1 9 19 10 972 11 12 12 16 13 13 14 8 15 16 16 16 17 32 18 5 19 24 20 28 21 16 22 1 23 11 24 21 25 10 26 10 27 14 29 14 30 5 31 1 32 27 33 998 34 26 35 38 36 13 37 7 38 6 39 37 40 15 41 15 42 20 43 11 44 20 45 17 46 4 47 1117 48 19 49 17 50 10 51 12 52 18 53 29 54 43 55 6 56 9 57 11 58 8 59 9 60 9 61 24 62 27 63 4 64 21 65 10 66 23 67 19 68 14 69 24 70 13 71 12 72 3 73 7 74 21
58 0 5 1 1019 2 26 3 18 4 16 5 26 6 4 7 6 8 3 9 21 10 8 11 22 12 1 13 37 14 15 15 20 16 5 17 15 18 7 19 22 20 3 21 26 22 4 23 9 24 4 25 1 26 13 27 18 28 2 29 10 30 17 31 24 32 21 33 13 34 3 35 19 36 22 37 6 38 13 39 14 40 1 41 13 42 14 43 15 44 9 45 11 46 19 47 3 48 725 49 23 50 21 51 3 52 27 53 14 54 4 55 5 56 10 57 3 59 14 60 19 61 27 62 21 63 6 64 3 65 15 66 26 67 10 68 16 69 1009 70 13 71 11 72 10 73 11 74 18
33 0 14 1 12 2 3 3 3 4 21 5 913 6 17 7 9 8 9 9 10 10 10 11 15 12 27 13 31 14 32 15 17 16 24 17 12 18 22 19 7 20 19 21 25 22 24 23 41 24 15 25 28 26 1 27 19 28 14 29 26 30 14 31 18 32 14 34 11 35 29 36 6 37 14 38 12 39 7 40 20 41 1 42 3 43 19 44 10 45 21 46 47 47 17 48 19 49 1080 50 3 51 26 52 5 53 2 54 31 55 6 56 13 57 7 58 17 59 6 60 11 61 26 62 18 63 12 64 5 65 26 66 10 67 926 68 7 69 18 70 21 71 5 72 21 73 24 74 10
47 0 27 1 29 2 2 3 13 4 27 5 32 6 18 7 23 8 34 9 35 10 3 11 7 12 24 13 12 14 6 15 24 16 18 17 13 18 8 19 15 20 1 21 9 22 4 23 22 24 13 25 10 26 22 27 16 28 7 29 11 30 29 31 11 32 23 33 33 34 1 35 37 36 11 37 15 38 25 39 1 40 23 41 10 42 9 43 25 44 1 45 11 46 26 48 24 49 35 50 10 51 12 52 16 53 9 54 19 55 16 56 24 57 25 58 8 59 3 60 21 61 17 62 1 63 26 64 16 65 12 66 8 67 22 68 26 69 16 70 13 71 2 72 3 73 9 74 5
60 0 32 1 7 2 19 3 19 4 18 5 32 6 9 7 25 8 15 9 31 10 12 11 27 12 15 13 14 14 3 15 30 16 12 17 16 18 39 19 17 20 827 21 2 22 15 23 1 24 7 25 8 26 20 27 29 28 12 29 12 30 12 31 20 32 16 33 15 34 10 35 18 36 4 37 40 38 2 39 12 40 6 41 12 42 11 43 14 44 3 45 30 46 11 47 18 48 13 49 19 50 7 51 12 52 9 53 17 54 10 55 6 56 1 57 25 58 27 59 20 61 1 62 19 63 47 64 21 65 25 66 21 67 9 68 11 69 16 70 15 71 1042 72 7 73 5 74 21
32 0 24 1 9 2 6 3 23 4 25 5 38 6 16 7 4 8 15 9 16 10 22 11 20 12 21 13 12 14 23 15 29 16 24 17 1 18 23 19 13 20 22 21 12 22 26 23 1 24 6 25 2 26 6 27 24 28 12 29 15 30 8 31 32 33 14 34 10 35 12 36 12 37 17 38 16 39 11 40 16 41 21 42 10 43 35 44 13 45 21 46 12 47 5 48 12 49 31 50 16 51 21 52 6 53 7 54 18 55 9 56 22 57 7 58 25 59 28 60 7 61 22 62 18 63 27 64 10 65 10 66 14 67 22 68 1053 69 3 70 21 71 1 72 29 73 30 74 13
2 0 8 1 7 3 5 4 1 5 1070 6 23 7 8 8 22 9 4 10 1 11 3 12 26 13 16 14 18 15 4 16 8 17 20 18 9 19 24 20 12 21 18 22 23 23 9 24 26 25 23 26 21 27 13 28 8 29 18 30 27 31 28 32 22 33 12 34 25 35 11 36 12 37 3 38 14 39 9 40 1043 41 14 42 10 43 21 44 21 45 10 46 18 47 17 48 19 49 12 50 22 51 20 52 30 53 22 54 11 55 16 56 25 57 21 58 13 59 23 60 21 61 29 62 8 63 17 64 21 65 7 66 892 67 21 68 20 69 26 70 24 71 21 72 33 73 10 74 17
57 0 21 1 18 2 13 3 18 4 20 5 40 6 26 7 20 8 2 9 12 10 1 11 5 12 24 13 13 14 3 15 20 16 18 17 20 18 18 19 35 20 17 21 8 22 17 23 21 24 21 25 6 26 27 27 9 28 3 29 23 30 9 31 26 32 13 33 23 34 33 35 25 36 7 37 17 38 30 39 28 40 21 41 20 42 7 43 12 44 27 45 12 46 24 47 22 48 19 49 14 50 2 51 12 52 9 53 11 54 22 55 19 56 5 58 7 59 4 60 11 61 14 62 9 63 5 64 33 65 13 66 11 67 6 68 9 69 10 70 12 71 9 72 23 73 9 74 24
61 0 26 1 7 2 3 3 7 4 11 5 23 6 22 7 926 8 18 9 11 10 878 11 26 12 35 13 17 14 973 15 999 16 13 17 1032 18 8 19 15 20 11 21 23 22 21 23 25 24 12 25 44 26 4 27 18 28 23 29 15 30 26 31 30 32 26 33 18 34 3 35 39 36 11 37 5 38 1 39 5 40 10 41 13 42 11 43 22 44 13 45 15 46 18 47 6 48 28 49 24 50 22 51 30 52 10 53 15 54 42 55 9 56 19 57 27 58 7 59 5 60 15 62 24 63 16 64 18 65 19 66 25 67 11 68 16 69 20 70 14 71 1 72 28 73 16 74 16
14 0 32 1 1 2 16 3 12 4 18 5 4 6 15 7 5 8 12 9 18 10 26 11 14 12 29 13 6 15 28 16 21 17 27 18 803 19 17 20 3 21 21 22 9 23 18 24 8 25 12 26 28 27 18 28 12 29 13 30 23 31 33 32 1 33 13 34 1142 35 17 36 6 37 2 38 23 39 34 40 14 41 31 42 13 43 15 44 1 45 16 46 4 47 15 48 15 49 25 50 14 51 8 52 24 53 1 54 28 55 5 56 26 57 5 58 15 59 21 60 17 61 19 62 25 63 17 64 24 65 13 66 1067 67 17 68 16 69 13 70 11 71 23 72 4 73 12 74 9
15 0 19 1 24 2 8 3 9 4 31 5 26 6 13 7 9 8 10 9 23 10 1012 11 4 12 21 13 10 14 12 16 12 17 19 18 2 19 25 20 18 21 1 22 13 23 16 24 19 25 5 26 24 27 5 28 28 29 27 30 16 31 1095 32 13 33 8 34 25 35 23 36 23 37 15 38 13 39 31 40 24 41 4 42 11 43 18 44 10 45 19 46 9 47 4 48 1072 49 29 50 6 51 5 52 13 53 13 54 22 55 28 56 18 57 16 58 21 59 20 60 17 61 16 62 7 63 7 64 25 65 10 66 13 67 12 68 4 69 25 70 14 71 12 72 11 73 8 74 11
44 0 16 1 13 2 24 3 30 4 9 5 24 6 13 7 28 8 16 9 6 10 17 11 15 12 4 13 25 14 18 15 17 16 7 17 15 18 25 19 9 20 5 21 13 22 13 23 6 24 4 25 2 26 10 27 12 28 11 29 14 30 28 31 1 32 6 33 3 34 5 35 31 36 27 37 16 38 4 39 6 40 13 41 990 42 11 43 24 45 13 46 4 47 21 48 14 49 951 50 23 51 16 52 6 53 28 54 26 55 17 56 15 57 7 58 31 59 11 60 31 61 14 62 32 63 9 64 15 65 18 66 13 67 11 68 14 69 1 70 12 71 11 72 25 73 32 74 2
8 0 18 1 10 2 12 3 9 4 8 5 23 6 10 7 18 9 23 10 7 11 14 12 12 13 14 14 20 15 1 16 16 17 9 18 19 19 7 20 18 21 942 22 3 23 24 24 21 25 13 26 18 27 6 28 5 29 25 30 24 31 17 32 16 33 14 34 13 35 18 36 893 37 21 38 10 39 19 40 9 41 3 42 27 43 14 44 18 45 31 46 17 47 8 48 18 49 19 50 5 51 30 52 31 53 11 54 9 55 8 56 7 57 24 58 11 59 8 60 5 61 34 62 16 63 15 64 30 65 8 66 11 67 26 68 12 69 12 70 1003 71 18 72 8 73 23 74 20
63 0 11 1 12 2 14 3 10 4 20 5 12 6 25 7 24 8 13 9 14 10 4 11 1 12 22 13 6 14 3 15 11 16 13 17 21 18 1 19 23 20 14 21 29 22 21 23 14 24 8 25 27 26 40 27 16 28 8 29 38 30 23 31 13 32 20 33 11 34 16 35 8 36 1 37 20 38 21 39 27 40 21 41 25 42 20 43 3 44 4 45 21 46 4 47 30 48 8 49 33 50 29 51 17 52 21 53 23 54 13 55 19 56 19 57 5 58 16 59 22 60 21 61 29 62 10 64 16 65 23 66 19 67 28 68 3 69 17 70 21 71 11 72 14 73 22 74 19
6 0 809 1 13 2 20 3 18 4 14 5 24 7 7 8 18 9 8 10 25 11 28 12 3 13 7 14 14 15 22 16 10 17 15 18 3 19 20 20 19 21 23 22 12 23 17 24 17 25 11 26 22 27 12 28 22 29 20 30 7 31 19 32 14 33 5 34 1 35 1 36 9 37 11 38 25 39 18 40 14 41 13 42 21 43 25 44 9 45 16 46 8 47 11 48 33 49 22 50 22 51 17 52 16 53 8 54 12 55 13 56 910 57 9 58 10 59 14 60 15 61 34 62 7 63 26 64 18 65 26 66 14 67 21 68 26 69 863 70 4 71 4 72 2 73 18 74 4
5 0 24 1 10 2 9 3 17 4 14 6 10 7 12 8 32 9 13 10 11 11 35 12 7 13 13 14 1008 15 5 16 17 17 7 18 989 19 2 20 3 21 2 22 8 23 16 24 929 25 9 26 9 27 39 28 10 29 1 30 4 31 41 32 7 33 6 34 5 35 877 36 20 37 18 38 7 39 5 40 13 41 21 42 13 43 14 44 24 45 14 46 1030 47 30 48 5 49 13 50 2 51 24 52 13 53 9 54 16 55 6 56 27 57 13 58 21 59 20 60 16 61 16 62 7 63 27 64 3 65 10 66 23 67 23 68 15 69 10 70 10 71 7 72 23 73 12 74 34
29 0 16 1 15 2 2 3 12 4 5 5 17 6 15 7 19 8 18 9 15 10 9 11 14 12 10 13 34 14 7 15 18 16 7 17 8 18 14 19 13 20 10 21 25 22 14 23 18 24 26 25 1 26 4 27 24 28 1006 30 16 31 8 32 31 33 9 34 15 35 10 36 18 37 19 38 15 39 30 40 27 41 9 42 9 43 11 44 22 45 16 46 4 47 19 48 15 49 19 50 26 51 1 52 1 53 37 54 4 55 29 56 12 57 14 58 21 59 34 60 18 61 3 62 1 63 8 64 24 65 17 66 828 67 1055 68 11 69 1 70 18 71 16 72 14 73 18 74 8
27 0 17 1 10 2 25 3 18 4 3 5 9 6 10 7 16 8 5 9 18 10 7 11 26 12 19 13 9 14 27 15 3 16 10 17 16 18 20 19 1 20 10 21 9 22 6 23 17 24 15 25 24 26 15 28 30 29 20 30 24 31 37 32 14 33 19 34 15 35 4 36 34 37 27 38 10 39 10 40 6 41 34 42 22 43 6 44 31 45 1 46 14 47 20 48 5 49 19 50 15 51 7 52 10 53 34 54 21 55 33 56 15 57 23 58 12 59 7 60 26 61 5 62 9 63 11 64 6 65 30 66 8 67 18 68 6 69 11 70 33 71 20 72 25 73 13 74 17
7 0 18 1 20 2 20 3 3 4 16 5 24 6 13 8 5 9 13 10 7 11 18 12 12 13 8 14 1 15 25 16 4 17 4 18 2 19 14 20 32 21 22 22 4 23 21 24 2 25 14 26 24 27 30 28 22 29 27 30 1 31 24 32 20 33 1066 34 21 35 13 36 33 37 994 38 18 39 4 40 19 41 11 42 21 43 12 44 967 45 9 46 18 47 975 48 12 49 31 50 5 51 22 52 18 53 21 54 24 55 20 56 17 57 10 58 19 59 16 60 30 61 14 62 14 63 1004 64 20 65 32 66 15 67 6 68 7 69 6 70 30 71 13 72 34 73 1 74 22
18 0 22 1 8 2 6 3 17 4 37 5 26 6 20 7 21 8 1 9 14 10 12 11 25 12 1111 13 4 14 26 15 6 16 19 17 24 19 12 20 14 21 13 22 24 23 23 24 8 25 17 26 4 27 18 28 16 29 10 30 16 31 24 32 25 33 16 34 12 35 4 36 18 37 14 38 26 39 31 40 26 41 19 42 17 43 22 44 31 45 27 46 21 47 17 48 16 49 7 50 7 51 2 52 17 53 1 54 21 55 10 56 12 57 21 58 24 59 14 60 22 61 1073 62 11 63 27 64 12 65 15 66 4 67 7 68 1030 69 19 70 21 71 19 72 21 73 6 74 16
1 0 17 2 9 3 3 4 12 5 24 6 6 7 11 8 11 9 9 10 2 11 17 12 11 13 4 14 14 15 1 16 17 17 23 18 13 19 20 20 7 21 22 22 16 23 1 24 26 25 27 26 19 27 16 28 18 29 20 30 23 31 8 32 16 33 16 34 20 35 14 36 26 37 28 38 6 39 28 40 18 41 19 42 2 43 16 44 31 45 18 46 12 47 10 48 22 49 11 50 14 51 16 52 15 53 11 54 13 55 17 56 935 57 9 58 10 59 18 60 22 61 21 62 14 63 7 64 34 65 5 66 15 67 14 68 2 69 9 70 19 71 22 72 29 73 19 74 43
25 0 8 1 26 2 13 3 13 4 4 5 24 6 14 7 1 8 22 9 27 10 17 11 5 12 7 13 32 14 5 15 22 16 12 17 11 18 1 19 1 20 1 21 18 22 18 23 1 24 14 26 8 27 22 28 8 29 12 30 10 31 26 32 2 33 12 34 22 35 26 36 16 37 17 38 6 39 17 40 15 41 10 42 9 43 10 44 20 45 4 46 20 47 15 48 17 49 13 50 7 51 1 52 20 53 19 54 939 55 7 56 14 57 22 58 14 59 21 60 36 61 23 62 11 63 13 64 6 65 22 66 19 67 16 68 1 69 33 70 26 71 22 72 26 73 23 74 38
3 0 11 1 24 2 8 4 6 5 43 6 10 7 25 8 14 9 13 10 10 11 16 12 35 13 1 14 15 15 19 16 18 17 13 18 4 19 13 20 12 21 12 22 17 23 16 24 7 25 28 26 17 27 10 28 22 29 14 30 2 31 22 32 18 33 20 34 7 35 17 36 4 37 34 38 30 39 30 40 1010 41 23 42 18 43 7 44 8 45 4 46 22 47 7 48 9 49 24 50 18 51 24 52 15 53 20 54 12 55 17 56 17 57 3 58 17 59 24 60 15 61 11 62 10 63 2 64 9 65 26 66 25 67 11 68 11 69 17 70 30 71 16 72 21 73 17 74 21
20 0 18 1 3 2 8 3 17 4 30 5 2 6 20 7 12 8 6 9 12 10 16 11 10 12 1132 13 15 14 21 15 19 16 4 17 1 18 6 19 17 21 9 22 4 23 12 24 21 25 1 26 35 27 19 28 5 29 11 30 22 31 28 32 9 33 9 34 28 35 22 36 12 37 25 38 40 39 29 40 26 41 33 42 24 43 15 44 19 45 15 46 23 47 23 48 21 49 1051 50 11 51 1 52 13 53 6 54 9 55 20 56 14 57 7 58 20 59 929 60 14 61 23 62 33 63 15 64 11 65 20 66 4 67 13 68 11 69 9 70 861 71 20 72 33 73 1 74 2
55 0 16 1 20 2 16 3 10 4 27 5 12 6 28 7 32 8 24 9 8 10 29 11 17 12 22 13 14 14 17 15 10 16 7 17 30 18 10 19 1132 20 18 21 10 22 15 23 23 24 862 25 901 26 9 27 31 28 16 29 14 30 13 31 10 32 18 33 24 34 34 35 3 36 5 37 6 38 23 39 16 40 8 41 26 42 18 43 21 44 6 45 16 46 10 47 21 48 31 49 9 50 12 51 14 52 11 53 9 54 9 56 16 57 9 58 5 59 5 60 9 61 13 62 17 63 1 64 21 65 1044 66 8 67 26 68 21 69 25 70 20 71 20 72 13 73 21 74 20
31 0 15 1 2 2 23 3 1 4 27 5 17 6 16 7 13 8 15 9 21 10 18 11 17 12 42 13 7 14 26 15 21 16 16 17 24 18 22 19 30 20 1 21 10 22 22 23 16 24 19 25 16 26 9 27 18 28 16 29 16 30 3 32 17 33 28 34 8 35 20 36 6 37 16 38 12 39 2 40 14 41 12 42 20 43 8 44 19 45 27 46 21 47 10 48 5 49 12 50 28 51 12 52 11 53 17 54 24 55 21 56 10 57 31 58 16 59 10 60 8 61 8 62 11 63 7 64 10 65 17 66 2 67 940 68 996 69 1 70 7 71 2 72 11 73 12 74 34
17 0 14 1 22 2 15 3 1042 4 27 5 13 6 22 7 6 8 1 9 27 10 4 11 2 12 8 13 19 14 25 15 19 16 19 18 46 19 18 20 29 21 16 22 14 23 4 24 24 25 7 26 25 27 7 28 22 29 11 30 24 31 991 32 11 33 3 34 29 35 19 36 22 37 2 38 8 39 16 40 12 41 9 42 15 43 3 44 29 45 31 46 3 47 950 48 5 49 16 50 30 51 19 52 22 53 33 54 13 55 15 56 20 57 13 58 11 59 4 60 13 61 3 62 12 63 35 64 21 65 19 66 11 67 24 68 24 69 11 70 17 71 19 72 5 73 13 74 25
67 0 5 1 10 2 1022 3 1 4 1 5 16 6 13 7 19 8 14 9 40 10 8 11 18 12 29 13 19 14 24 15 12 16 10 17 20 18 22 19 11 20 20 21 5 22 21 23 11 24 34 25 12 26 987 27 20 28 1 29 1 30 15 31 10 32 17 33 31 34 23 35 23 36 17 37 19 38 15 39 9 40 2 41 1056 42 3 43 23 44 8 45 34 46 8 47 25 48 17 49 29 50 18 51 8 52 7 53 1 54 8 55 9 56 10 57 25 58 2 59 983 60 9 61 1 62 7 63 5 64 17 65 14 66 34 68 11 69 16 70 15 71 13 72 1 73 19 74 15
59 0 5 1 19 2 12 3 3 4 22 5 16 6 24 7 1 8 10 9 4 10 11 11 21 12 12 13 6 14 15 15 16 16 13 17 20 18 29 19 10 20 16 21 970 22 1 23 6 24 21 25 10 26 11 27 15 28 19 29 14 30 2 31 25 32 22 33 19 34 10 35 8 36 7 37 14 38 21 39 19 40 12 41 13 42 5 43 12 44 16 45 1058 46 2 47 15 48 18 49 10 50 1 51 7 52 29 53 2 54 9 55 850 56 12 57 11 58 1 60 11 61 6 62 25 63 15 64 13 65 14 66 16 67 34 68 21 69 13 70 1 71 23 72 27 73 6 74 26
21 0 40 1 30 2 14 3 32 4 15 5 1 6 4 7 22 8 26 9 29 10 34 11 7 12 26 13 16 14 5 15 4 16 29 17 25 18 18 19 5 20 11 22 7 23 984 24 1001 25 3 26 13 27 20 28 1080 29 25 30 14 31 25 32 4 33 35 34 1 35 14 36 9 37 21 38 10 39 2 40 16 41 5 42 25 43 12 44 29 45 13 46 6 47 35 48 20 49 29 50 15 51 8 52 20 53 5 54 22 55 18 56 7 57 24 58 5 59 23 60 12 61 23 62 3 63 20 64 19 65 9 66 12 67 1 68 12 69 26 70 11 71 6 72 14 73 18 74 12
36 0 38 1 1 2 13 3 13 4 9 5 13 6 10 7 18 8 2 9 8 10 17 11 11 12 23 13 12 14 16 15 15 16 2 17 23 18 22 19 11 20 35 21 12 22 12 23 21 24 25 25 957 26 9 27 4 28 1 29 9 30 1010 31 25 32 4 33 15 34 12 35 15 37 38 38 2 39 30 40 5 41 28 42 22 43 7 44 17 45 22 46 3 47 23 48 9 49 22 50 4 51 20 52 30 53 10 54 10 55 11 56 13 57 10 58 26 59 22 60 23 61 17 62 16 63 1162 64 8 65 20 66 9 67 5 68 30 69 1092 70 29 71 5 72 14 73 20 74 18
45 0 48 1 10 2 22 3 10 4 11 5 15 6 19 7 10 8 18 9 19 10 14 11 4 12 15 13 22 14 7 15 1 16 8 17 16 18 29 19 6 20 2 21 25 22 10 23 20 24 2 25 19 26 13 27 41 28 15 29 16 30 1 31 20 32 3 33 29 34 38 35 13 36 16 37 4 38 16 39 15 40 20 41 20 42 18 43 14 44 10 46 6 47 11 48 2 49 24 50 24 51 18 52 28 53 3 54 27 55 17 56 5 57 21 58 15 59 1 60 32 61 2 62 22 63 15 64 35 65 31 66 9 67 24 68 17 69 26 70 12 71 10 72 22 73 14 74 6
73 0 19 1 4 2 14 3 1 4 12 5 23 6 866 7 44 8 19 9 17 10 12 11 25 12 27 13 31 14 13 15 16 16 6 17 4 18 9 19 25 20 39 21 12 22 16 23 12 24 24 25 14 26 12 27 4 28 13 29 31 30 17 31 14 32 11 33 1 34 14 35 2 36 25 37 28 38 29 39 17 40 30 41 7 42 9 43 10 44 35 45 3 46 7 47 6 48 14 49 18 50 21 51 18 52 3 53 9 54 30 55 15 56 3 57 4 58 11 59 33 60 28 61 22 62 21 63 8 64 12 65 3 66 5 67 19 68 21 69 12 70 26 71 28 72 10 74 20
48 0 20 1 7 2 1 3 15 4 7 5 27 6 6 7 14 8 26 9 2 10 27 11 7 12 22 13 4 14 6 15 21 16 2 17 20 18 6 19 10 20 23 21 6 22 28 23 21 24 12 25 5 26 13 27 23 28 14 29 14 30 2 31 4 32 14 33 17 34 20 35 3 36 12 37 31 38 13 39 22 40 9 41 11 42 8 43 14 44 29 45 12 46 9 47 5 49 1 50 24 51 15 52 23 53 5 54 15 55 8 56 14 57 1 58 17 59 15 60 28 61 4 62 8 63 12 64 44 65 21 66 25 67 6 68 18 69 15 70 13 71 27 72 6 73 4 74 6
26 0 12 1 10 2 17 3 11 4 7 5 20 6 12 7 7 8 15 9 11 10 4 11 19 12 6 13 13 14 18 15 15 16 2 17 17 18 16 19 33 20 26 21 31 22 19 23 5 24 9 25 23 27 5 28 35 29 10 30 12 31 20 32 7 33 13 34 13 35 29 36 15 37 5 38 27 39 12 40 26 41 12 42 14 43 23 44 16 45 27 46 13 47 6 48 9 49 10 50 6 51 29 52 7 53 7 54 15 55 1 56 4 57 19 58 1 59 22 60 9 61 9 62 17 63 11 64 21 65 17 66 18 67 22 68 30 69 10 70 25 71 15 72 17 73 8 74 2
4 0 9 1 27 2 13 3 14 5 37 6 13 7 21 8 6 9 3 10 14 11 23 12 20 13 2 14 19 15 14 16 29 17 13 18 17 19 16 20 34 21 18 22 26 23 2 24 18 25 4 26 4 27 30 28 5 29 25 30 26 31 24 32 36 33 24 34 5 35 4 36 16 37 10 38 37 39 1040 40 19 41 11 42 9 43 21 44 7 45 20 46 15 47 17 48 6 49 25 50 7 51 13 52 12 53 9 54 25 55 22 56 4 57 27 58 24 59 1 60 13 61 11 62 14 63 7 64 15 65 4 66 5 67 13 68 24 69 25 70 12 71 3 72 16 73 25 74 1
12 0 11 1 21 2 7 3 13 4 2 5 10 6 5 7 8 8 22 9 6 10 1 11 6 13 9 14 3 15 1 16 26 17 29 18 5 19 15 20 16 21 17 22 36 23 28 24 22 25 21 26 16 27 15 28 20 29 8 30 18 31 12 32 30 33 13 34 8 35 2 36 1 37 32 38 3 39 23 40 36 41 15 42 19 43 10 44 11 45 15 46 23 47 14 48 11 49 15 50 25 51 21 52 17 53 5 54 9 55 7 56 3 57 28 58 966 59 23 60 26 61 17 62 22 63 14 64 25 65 11 66 16 67 18 68 5 69 12 70 31 71 25 72 3 73 10 74 8
38 0 17 1 28 2 15 3 1 4 8 5 20 6 15 7 8 8 887 9 11 10 15 11 12 12 27 13 29 14 29 15 16 16 6 17 17 18 991 19 33 20 23 21 12 22 19 23 25 24 5 25 31 26 5 27 23 28 10 29 15 30 21 31 17 32 4 33 9 34 21 35 16 36 2 37 15 39 20 40 1 41 1 42 961 43 18 44 8 45 24 46 1 47 15 48 34 49 24 50 27 51 5 52 20 53 5 54 10 55 10 56 27 57 3 58 911 59 16 60 7 61 21 62 20 63 1015 64 2 65 28 66 1 67 24 68 29 69 11 70 24 71 20 72 1 73 23 74 19
10 0 17 1 2 2 13 3 19 4 24 5 7 6 13 7 28 8 15 9 8 11 11 12 20 13 36 14 16 15 7 16 5 17 2 18 8 19 1 20 11 21 17 22 26 23 20 24 8 25 15 26 12 27 20 28 13 29 8 30 15 31 30 32 19 33 27 34 33 35 15 36 1 37 1 38 12 39 18 40 12 41 9 42 31 43 16 44 7 45 19 46 22 47 5 48 19 49 25 50 11 51 1017 52 10 53 5 54 25 55 13 56 19 57 25 58 2 59 4 60 15 61 27 62 23 63 7 64 6 65 22 66 2 67 22 68 6 69 17 70 7 71 8 72 1 73 27 74 3
39 0 21 1 3 2 21 3 7 4 29 5 28 6 28 7 16 8 10 9 1146 10 13 11 18 12 14 13 18 14 6 15 18 16 16 17 5 18 18 19 13 20 1095 21 21 22 24 23 12 24 904 25 2 26 1153 27 4 28 7 29 37 30 18 31 17 32 13 33 33 34 1 35 8 36 14 37 4 38 1 40 4 41 7 42 14 43 21 44 9 45 21 46 14 47 1 48 2 49 13 50 2 51 14 52 10 53 5 54 13 55 23 56 13 57 10 58 25 59 18 60 10 61 15 62 13 63 7 64 18 65 25 66 23 67 9 68 7 69 12 70 10 71 9 72 13 73 27 74 13
0 1 24 2 9 3 12 4 23 5 22 6 27 7 11 8 11 9 12 10 10 11 32 12 33 13 17 14 11 15 4 16 16 17 11 18 2 19 21 20 4 21 1 22 38 23 14 24 24 25 10 26 14 27 33 28 13 29 11 30 17 31 11 32 1 33 9 34 16 35 3 36 17 37 1105 38 3 39 19 40 16 41 5 42 7 43 10 44 25 45 6 46 6 47 6 48 18 49 16 50 24 51 13 52 24 53 21 54 1 55 34 56 1 57 25 58 14 59 25 60 31 61 948 62 20 63 20 64 15 65 12 66 31 67 16 68 18 69 14 70 1 71 15 72 10 73 15 74 18
37 0 29 1 31 2 966 3 35 4 30 5 15 6 18 7 11 8 25 9 21 10 20 11 3 12 16 13 24 14 30 15 21 16 5 17 21 18 12 19 30 20 5 21 12 22 14 23 8 24 3 25 3 26 12 27 10 28 8 29 4 30 32 31 27 32 12 33 4 34 25 35 21 36 10 38 1 39 21 40 11 41 17 42 3 43 1 44 2 45 21 46 28 47 12 48 29 49 12 50 31 51 26 52 7 53 923 54 11 55 992 56 22 57 7 58 7 59 21 60 21 61 18 62 29 63 9 64 11 65 27 66 3 67 16 68 14 69 16 70 12 71 21 72 12 73 12 74 18
69 0 23 1 16 2 23 3 20 4 26 5 10 6 4 7 30 8 21 9 21 10 14 11 25 12 6 13 1 14 27 15 961 16 996 17 12 18 20 19 15 20 950 21 8 22 13 23 4 24 31 25 22 26 9 27 24 28 14 29 7 30 8 31 6 32 9 33 4 34 14 35 13 36 7 37 24 38 24 39 19 40 4 41 31 42 5 43 23 44 18 45 1253 46 31 47 12 48 21 49 3 50 12 51 11 52 17 53 34 54 18 55 19 56 23 57 2 58 9 59 3 60 12 61 12 62 10 63 31 64 9 65 18 66 21 67 964 68 7 70 18 71 21 72 19 73 6 74 17
13 0 33 1 29 2 9 3 14 4 12 5 14 6 18 7 19 8 20 9 991 10 13 11 24 12 953 14 16 15 27 16 21 17 32 18 19 19 11 20 1169 21 12 22 9 23 8 24 26 25 33 26 9 27 16 28 20 29 1 30 15 31 22 32 28 33 12 34 12 35 18 36 3 37 34 38 14 39 3 40 13 41 21 42 29 43 23 44 22 45 16 46 19 47 20 48 26 49 19 50 14 51 4 52 36 53 6 54 4 55 10 56 29 57 3 58 19 59 15 60 986 61 16 62 6 63 13 64 18 65 22 66 13 67 15 68 19 69 10 70 21 71 12 72 18 73 5 74 14
64 0 14 1 10 2 21 3 13 4 7 5 9 6 27 7 12 8 28 9 24 10 21 11 18 12 4 13 19 14 40 15 14 16 1149 17 20 18 15 19 23 20 20 21 20 22 21 23 11 24 4 25 2 26 10 27 28 28 6 29 22 30 15 31 23 32 1 33 1 34 16 35 11 36 24 37 21 38 21 39 28 40 8 41 26 42 21 43 873 44 9 45 16 46 8 47 25 48 13 49 18 50 18 51 21 52 22 53 13 54 18 55 27 56 30 57 13 58 2 59 3 60 2 61 23 62 15 63 16 65 31 66 6 67 12 68 18 69 17 70 12 71 12 72 22 73 15 74 7
9 0 9 1 11 2 9 3 25 4 21 5 21 6 14 7 5 8 20 10 5 11 3 12 20 13 15 14 4 15 24 16 21 17 12 18 18 19 23 20 13 21 16 22 14 23 31 24 7 25 33 26 27 27 22 28 18 29 16 30 4 31 15 32 30 33 25 34 15 35 24 36 8 37 7 38 21 39 15 40 17 41 8 42 15 43 9 44 11 45 1 46 14 47 14 48 3 49 6 50 15 51 39 52 5 53 29 54 6 55 9 56 12 57 18 58 8 59 10 60 26 61 9 62 1 63 12 64 22 65 14 66 5 67 8 68 2 69 1185 70 4 71 14 72 18 73 20 74 12
65 0 968 1 15 2 17 3 10 4 14 5 19 6 17 7 11 8 1 9 24 10 12 11 14 12 30 13 24 14 15 15 4 16 24 17 11 18 2 19 10 20 26 21 15 22 25 23 10 24 5 25 19 26 21 27 4 28 31 29 22 30 2 31 11 32 15 33 27 34 16 35 20 36 18 37 23 38 22 39 28 40 19 41 16 42 3 43 16 44 24 45 7 46 1 47 32 48 21 49 23 50 6 51 13 52 27 53 20 54 6 55 19 56 1008 57 30 58 20 59 14 60 18 61 5 62 5 63 24 64 26 66 8 67 19 68 21 69 12 70 12 71 20 72 17 73 26 74 32
16 0 18 1 27 2 6 3 1127 4 13 5 23 6 32 7 32 8 17 9 24 10 5 11 24 12 25 13 7 14 11 15 13 17 8 18 27 19 20 20 16 21 4 22 22 23 16 24 35 25 5 26 20 27 22 28 10 29 17 30 17 31 9 32 10 33 20 34 6 35 12 36 7 37 22 38 15 39 3 40 1 41 1 42 19 43 31 44 6 45 22 46 28 47 29 48 16 49 10 50 33 51 7 52 35 53 7 54 11 55 8 56 11 57 10 58 33 59 11 60 15 61 17 62 19 63 23 64 5 65 13 66 22 67 27 68 24 69 6 70 14 71 5 72 10 73 1 74 16
11 0 35 1 7 2 29 3 29 4 6 5 27 6 11 7 27 8 10 9 24 10 13 12 9 13 2 14 37 15 33 16 8 17 19 18 29 19 6 20 20 21 26 22 24 23 18 24 13 25 14 26 5 27 10 28 1 29 1 30 9 31 33 32 2 33 23 34 19 35 21 36 28 37 33 38 29 39 7 40 15 41 20 42 15 43 17 44 11 45 5 46 8 47 26 48 23 49 12 50 11 51 3 52 13 53 19 54 19 55 25 56 17 57 16 58 20 59 8 60 31 61 27 62 21 63 24 64 1 65 28 66 35 67 10 68 40 69 18 70 37 71 16 72 2 73 10 74 18
71 0 18 1 23 2 6 3 7 4 13 5 958 6 28 7 7 8 5 9 15 10 6 11 18 12 13 13 19 14 12 15 20 16 10 17 6 18 12 19 12 20 32 21 12 22 29 23 34 24 16 25 8 26 3 27 19 28 13 29 26 30 15 31 17 32 20 33 19 34 21 35 29 36 24 37 1 38 21 39 8 40 7 41 30 42 3 43 19 44 18 45 4 46 18 47 26 48 20 49 34 50 23 51 23 52 13 53 1119 54 18 55 1028 56 12 57 26 58 14 59 34 60 21 61 16 62 9 63 6 64 14 65 6 66 9 67 13 68 16 69 8 70 13 72 15 73 21 74 9
