25
14 0 14 1 7 2 917 3 31 4 18 5 7 6 7 7 10 8 9 9 15 10 3 11 8 12 3 13 26 15 9 16 10 17 13 18 37 19 11 20 19 21 5 22 3 23 3 24 13
4 0 17 1 21 2 9 3 11 5 6 6 21 7 5 8 3 9 8 10 5 11 3 12 7 13 8 14 23 15 31 16 20 17 11 18 10 19 29 20 31 21 10 22 16 23 10 24 28
2 0 22 1 14 3 5 4 15 5 12 6 19 7 12 8 9 9 16 10 23 11 33 12 31 13 16 14 17 15 1178 16 26 17 12 18 18 19 22 20 8 21 6 22 21 23 22 24 19
12 0 23 1 30 2 41 3 29 4 3 5 22 6 9 7 29 8 22 9 12 10 13 11 15 13 9 14 19 15 20 16 18 17 18 18 20 19 22 20 15 21 18 22 6 23 22 24 1
1 0 15 2 20 3 36 4 3 5 22 6 991 7 13 8 9 9 17 10 16 11 19 12 14 13 23 14 3 15 6 16 18 17 18 18 10 19 14 20 38 21 1 22 21 23 5 24 17
16 0 18 1 27 2 37 3 21 4 11 5 1045 6 13 7 4 8 1 9 6 10 15 11 15 12 22 13 6 14 21 15 20 17 26 18 5 19 23 20 1 21 24 22 24 23 6 24 8
15 0 1138 1 29 2 13 3 23 4 8 5 35 6 2 7 19 8 5 9 17 10 31 11 13 12 26 13 19 14 4 16 9 17 18 18 17 19 21 20 13 21 6 22 9 23 7 24 6
10 0 1 1 17 2 5 3 15 4 10 5 1 6 28 7 5 8 31 9 22 11 10 12 11 13 21 14 19 15 16 16 17 17 18 18 25 19 15 20 28 21 17 22 23 23 9 24 8
19 0 10 1 6 2 16 3 13 4 26 5 24 6 4 7 24 8 32 9 7 10 21 11 29 12 30 13 13 14 31 15 16 16 10 17 8 18 18 20 21 21 13 22 5 23 15 24 28
11 0 15 1 6 2 26 3 25 4 23 5 19 6 6 7 20 8 6 9 13 10 18 12 14 13 9 14 2 15 9 16 17 17 34 18 3 19 6 20 15 21 4 22 24 23 6 24 21
23 0 5 1 12 2 14 3 1051 4 15 5 9 6 8 7 29 8 1 9 12 10 6 11 25 12 15 13 17 14 6 15 17 16 3 17 13 18 19 19 22 20 1057 21 4 22 8 24 16
3 0 18 1 19 2 16 4 14 5 9 6 3 7 10 8 14 9 22 10 4 11 14 12 8 13 10 14 22 15 18 16 11 17 1 18 33 19 14 20 21 21 20 22 8 23 11 24 15
17 0 12 1 20 2 14 3 22 4 14 5 11 6 25 7 1037 8 35 9 17 10 22 11 23 12 9 13 2 14 21 15 10 16 5 18 12 19 23 20 12 21 25 22 7 23 7 24 15
24 0 6 1 14 2 29 3 20 4 6 5 17 6 1 7 21 8 19 9 25 10 24 11 27 12 2 13 36 14 29 15 5 16 3 17 29 18 4 19 10 20 13 21 23 22 6 23 6
8 0 24 1 8 2 19 3 10 4 11 5 22 6 14 7 13 9 18 10 25 11 7 12 951 13 10 14 18 15 18 16 19 17 26 18 6 19 10 20 17 21 40 22 3 23 30 24 24
18 0 8 1 2 2 4 3 18 4 5 5 22 6 15 7 19 8 27 9 8 10 16 11 4 12 29 13 20 14 25 15 14 16 23 17 11 19 41 20 24 21 9 22 6 23 1008 24 12
22 0 21 1 36 2 17 3 1 4 8 5 24 6 7 7 20 8 36 9 1 10 14 11 27 12 20 13 22 14 8 15 17 16 3 17 5 18 14 19 11 20 12 21 20 23 2 24 36
20 0 9 1 22 2 23 3 12 4 33 5 26 6 12 7 10 8 9 9 22 10 17 11 24 12 11 13 15 14 4 15 23 16 18 17 21 18 22 19 8 21 5 22 10 23 14 24 35
5 0 6 1 2 2 6 3 8 4 27 6 14 7 11 8 18 9 8 10 11 11 15 12 20 13 22 14 9 15 25 16 21 17 17 18 6 19 4 20 19 21 8 22 10 23 11 24 18
7 0 13 1 27 2 20 3 6 4 14 5 18 6 19 8 30 9 24 10 20 11 19 12 26 13 20 14 4 15 19 16 12 17 12 18 15 19 10 20 2 21 10 22 4 23 16 24 19
0 1 9 2 5 3 16 4 12 5 866 6 10 7 16 8 18 9 7 10 19 11 5 12 18 13 7 14 46 15 869 16 26 17 9 18 14 19 929 20 19 21 23 22 15 23 1 24 1
6 0 14 1 9 2 18 3 17 4 19 5 5 7 26 8 6 9 14 10 19 11 25 12 8 13 13 14 4 15 7 16 9 17 35 18 22 19 7 20 28 21 18 22 12 23 5 24 20
21 0 18 1 1 2 1 3 6 4 8 5 22 6 5 7 23 8 8 9 17 10 1061 11 14 12 27 13 24 14 13 15 25 16 3 17 20 18 10 19 13 20 11 22 7 23 6 24 18
13 0 22 1 17 2 25 3 3 4 4 5 9 6 24 7 15 8 14 9 13 10 9 11 14 12 12 14 11 15 13 16 10 17 19 18 20 19 11 20 22 21 15 22 2 23 1 24 16
9 0 17 1 26 2 25 3 4 4 15 5 11 6 23 7 13 8 27 10 18 11 10 12 3 13 3 14 21 15 2 16 15 17 27 18 2 19 5 20 21 21 13 22 21 23 22 24 32
